Models/xredden_tau_factor_vs_EBV_energy.ecsv
# %ECSV 1.0
# ---
# datatype:
# - {name: col0, datatype: float32}
# - {name: col1, datatype: float32}
# - {name: col2, datatype: float32}
# - {name: col3, datatype: float32}
# - {name: col4, datatype: float32}
# - {name: col5, datatype: float32}
# - {name: col6, datatype: float32}
# - {name: col7, datatype: float32}
# - {name: col8, datatype: float32}
# - {name: col9, datatype: float32}
# - {name: col10, datatype: float32}
# - {name: col11, datatype: float32}
# - {name: col12, datatype: float32}
# - {name: col13, datatype: float32}
# - {name: col14, datatype: float32}
# - {name: col15, datatype: float32}
# - {name: col16, datatype: float32}
# - {name: col17, datatype: float32}
# - {name: col18, datatype: float32}
# - {name: col19, datatype: float32}
# - {name: col20, datatype: float32}
# - {name: col21, datatype: float32}
# - {name: col22, datatype: float32}
# - {name: col23, datatype: float32}
# - {name: col24, datatype: float32}
# - {name: col25, datatype: float32}
# - {name: col26, datatype: float32}
# - {name: col27, datatype: float32}
# - {name: col28, datatype: float32}
# - {name: col29, datatype: float32}
# - {name: col30, datatype: float32}
# - {name: col31, datatype: float32}
# - {name: col32, datatype: float32}
# - {name: col33, datatype: float32}
# - {name: col34, datatype: float32}
# - {name: col35, datatype: float32}
# - {name: col36, datatype: float32}
# - {name: col37, datatype: float32}
# - {name: col38, datatype: float32}
# - {name: col39, datatype: float32}
# - {name: col40, datatype: float32}
# - {name: col41, datatype: float32}
# - {name: col42, datatype: float32}
# - {name: col43, datatype: float32}
# - {name: col44, datatype: float32}
# - {name: col45, datatype: float32}
# - {name: col46, datatype: float32}
# - {name: col47, datatype: float32}
# - {name: col48, datatype: float32}
# - {name: col49, datatype: float32}
# - {name: col50, datatype: float32}
# - {name: col51, datatype: float32}
# - {name: col52, datatype: float32}
# - {name: col53, datatype: float32}
# - {name: col54, datatype: float32}
# - {name: col55, datatype: float32}
# - {name: col56, datatype: float32}
# - {name: col57, datatype: float32}
# - {name: col58, datatype: float32}
# - {name: col59, datatype: float32}
# - {name: col60, datatype: float32}
# - {name: col61, datatype: float32}
# - {name: col62, datatype: float32}
# - {name: col63, datatype: float32}
# - {name: col64, datatype: float32}
# - {name: col65, datatype: float32}
# - {name: col66, datatype: float32}
# - {name: col67, datatype: float32}
# - {name: col68, datatype: float32}
# - {name: col69, datatype: float32}
# - {name: col70, datatype: float32}
# - {name: col71, datatype: float32}
# - {name: col72, datatype: float32}
# - {name: col73, datatype: float32}
# - {name: col74, datatype: float32}
# - {name: col75, datatype: float32}
# - {name: col76, datatype: float32}
# - {name: col77, datatype: float32}
# - {name: col78, datatype: float32}
# - {name: col79, datatype: float32}
# - {name: col80, datatype: float32}
# - {name: col81, datatype: float32}
# - {name: col82, datatype: float32}
# - {name: col83, datatype: float32}
# - {name: col84, datatype: float32}
# - {name: col85, datatype: float32}
# - {name: col86, datatype: float32}
# - {name: col87, datatype: float32}
# - {name: col88, datatype: float32}
[...]
# schema: astropy-2.0
col0 col1 col2 col3 col4 col5 col6 col7 col8 col9 col10 col11 col12 col13 col14 col15 col16 col17 col18 col19 col20 col21 col22 col23 col24 col25 col26 col27 col28 col29 col30 col31 col32 col33 col34 col35 col36 col37 col38 col39 col40 col41 col42 col43 col44 col45 col46 col47 col48 col49 col50 col51 col52 col53 col54 col55 col56 col57 col58 col59 col60 col61 col62 col63 col64 col65 col66 col67 col68 col69 col70 col71 col72 col73 col74 col75 col76 col77 col78 col79 col80 col81 col82 col83 col84 col85 col86 col87 col88 col89 col90 col91 col92 col93 col94 col95 col96 col97 col98 col99 col100 col101 col102 col103 col104 col105 col106 col107 col108 col109 col110 col111 col112 col113 col114 col115 col116 col117 col118 col119 col120 col121 col122 col123 col124 col125 col126 col127 col128 col129 col130 col131 col132 col133 col134 col135 col136 col137 col138 col139 col140 col141 col142 col143 col144 col145 col146 col147 col148 col149 col150 col151 col152 col153 col154 col155 col156 col157 col158 col159 col160 col161 col162 col163 col164 col165 col166 col167 col168 col169 col170 col171 col172 col173 col174 col175 col176 col177 col178 col179 col180 col181 col182 col183 col184 col185 col186 col187 col188 col189 col190 col191 col192 col193 col194 col195 col196 col197 col198 col199 col200 col201 col202 col203 col204 col205 col206 col207 col208 col209 col210 col211 col212 col213 col214 col215 col216 col217 col218 col219 col220 col221 col222 col223 col224 col225 col226 col227 col228 col229 col230 col231 col232 col233 col234 col235 col236 col237 col238 col239 col240 col241 col242 col243 col244 col245 col246 col247 col248 col249
[from data line 9]
-0.0 0.00047 0.00094 0.00141 0.00188 0.00236 0.00283 0.0033 0.00377 0.00424 0.00471 0.00518 0.00565 0.00612 0.00659 0.00707 0.00754 0.00801 0.00848 0.00895 0.00942 0.00989 0.01036 0.01083 0.0113 0.01178 0.01225 0.01272 0.01319 0.01366 0.01413 0.0146 0.01507 0.01554 0.01601 0.01649 0.01696 0.01743 0.0179 0.01837 0.01884 0.01931 0.01978 0.02025 0.02072 0.0212 0.02167 0.02214 0.02261 0.02308 0.02355 0.02402 0.02449 0.02496 0.02543 0.02591 0.02638 0.02685 0.02732 0.02779 0.02826 0.02873 0.0292 0.02967 0.03014 0.03062 0.03109 0.03156 0.03203 0.0325 0.03297 0.03344 0.03391 0.03438 0.03485 0.03533 0.0358 0.03627 0.03674 0.03721 0.03768 0.03815 0.03862 0.03909 0.03956 0.04004 0.04051 0.04098 0.04145 0.04192 0.04239 0.04286 0.04333 0.0438 0.04427 0.04475 0.04522 0.04569 0.04616 0.04663 0.0471 0.04757 0.04804 0.04851 0.04898 0.04946 0.04993 0.0504 0.05087 0.05134 0.05181 0.05228 0.05275 0.05322 0.05369 0.05416 0.05464 0.05511 0.05558 0.05605 0.05652 0.05699 0.05746 0.05793 0.0584 0.05887 0.05935 0.05982 0.06029 0.06076 0.06123 0.0617 0.06217 0.06264 0.06311 0.06358 0.06405 0.06453 0.065 0.06547 0.06594 0.06641 0.06688 0.06735 0.06782 0.06829 0.06876 0.06924 0.06971 0.07018 0.07065 0.07112 0.07159 0.07206 0.07253 0.073 0.07347 0.07395 0.07442 0.07489 0.07536 0.07583 0.0763 0.07677 0.07724 0.07771 0.07818 0.07865 0.07913 0.0796 0.08007 0.08054 0.08101 0.08148 0.08195 0.08242 0.08289 0.08336 0.08383 0.08431 0.08478 0.08525 0.08572 0.08619 0.08666 0.08713 0.0876 0.08807 0.08854 0.08902 0.08949 0.08996 0.09043 0.0909 0.09137 0.09184 0.09231 0.09278 0.09325 0.09372 0.0942 0.09467 0.09514 0.09561 0.09608 0.09655 0.09702 0.09749 0.09796 0.09843 0.0989 0.09938 0.09985 0.10032 0.10079 0.10126 0.10173 0.1022 0.10267 0.10314 0.10361 0.10409 0.10456 0.10503 0.1055 0.10597 0.10644 0.10691 0.10738 0.10785 0.10832 0.10879 0.10927 0.10974 0.11021 0.11068 0.11115 0.11162 0.11209 0.11256 0.11303 0.1135 0.11397 0.11445 0.11492 0.11539 0.11586 0.11633 0.1168 0.11727
-0.0 0.00052 0.00103 0.00155 0.00206 0.00258 0.00309 0.00361 0.00412 0.00464 0.00515 0.00567 0.00618 0.0067 0.00721 0.00773 0.00824 0.00876 0.00927 0.00979 0.0103 0.01082 0.01133 0.01185 0.01236 0.01288 0.0134 0.01391 0.01443 0.01494 0.01546 0.01597 0.01649 0.017 0.01752 0.01803 0.01855 0.01906 0.01958 0.02009 0.02061 0.02112 0.02164 0.02215 0.02267 0.02318 0.0237 0.02421 0.02473 0.02525 0.02576 0.02628 0.02679 0.02731 0.02782 0.02834 0.02885 0.02937 0.02988 0.0304 0.03091 0.03143 0.03194 0.03246 0.03297 0.03349 0.034 0.03452 0.03503 0.03555 0.03606 0.03658 0.03709 0.03761 0.03812 0.03864 0.03916 0.03967 0.04019 0.0407 0.04122 0.04173 0.04225 0.04276 0.04328 0.04379 0.04431 0.04482 0.04534 0.04585 0.04637 0.04688 0.0474 0.04791 0.04843 0.04894 0.04946 0.04997 0.05049 0.051 0.05152 0.05203 0.05255 0.05307 0.05358 0.0541 0.05461 0.05513 0.05564 0.05616 0.05667 0.05719 0.0577 0.05822 0.05873 0.05925 0.05976 0.06028 0.06079 0.06131 0.06182 0.06234 0.06285 0.06337 0.06388 0.0644 0.06491 0.06543 0.06594 0.06646 0.06697 0.06749 0.068 0.06852 0.06903 0.06955 0.07007 0.07058 0.0711 0.07161 0.07213 0.07264 0.07316 0.07367 0.07419 0.0747 0.07522 0.07573 0.07625 0.07676 0.07728 0.07779 0.07831 0.07882 0.07934 0.07985 0.08037 0.08088 0.0814 0.08191 0.08243 0.08294 0.08346 0.08397 0.08449 0.085 0.08552 0.08603 0.08655 0.08706 0.08758 0.0881 0.08861 0.08913 0.08964 0.09016 0.09067 0.09119 0.0917 0.09222 0.09273 0.09325 0.09376 0.09428 0.09479 0.09531 0.09582 0.09634 0.09685 0.09737 0.09788 0.0984 0.09891 0.09943 0.09994 0.10046 0.10097 0.10149 0.102 0.10252 0.10303 0.10355 0.10406 0.10458 0.10509 0.10561 0.10612 0.10664 0.10715 0.10767 0.10818 0.1087 0.10921 0.10973 0.11024 0.11076 0.11128 0.11179 0.11231 0.11282 0.11334 0.11385 0.11437 0.11488 0.1154 0.11591 0.11643 0.11694 0.11746 0.11797 0.11849 0.119 0.11952 0.12003 0.12055 0.12106 0.12158 0.12209 0.12261 0.12312 0.12364 0.12415 0.12467 0.12518 0.1257 0.12621 0.12673 0.12724 0.12776 0.12827
-0.0 0.00056 0.00113 0.00169 0.00225 0.00282 0.00338 0.00394 0.00451 0.00507 0.00564 0.0062 0.00676 0.00733 0.00789 0.00845 0.00902 0.00958 0.01014 0.01071 0.01127 0.01183 0.0124 0.01296 0.01352 0.01409 0.01465 0.01522 0.01578 0.01634 0.01691 0.01747 0.01803 0.0186 0.01916 0.01972 0.02029 0.02085 0.02142 0.02198 0.02254 0.02311 0.02367 0.02423 0.0248 0.02536 0.02592 0.02649 0.02705 0.02761 0.02818 0.02874 0.0293 0.02987 0.03043 0.03099 0.03156 0.03212 0.03269 0.03325 0.03381 0.03438 0.03494 0.0355 0.03607 0.03663 0.03719 0.03776 0.03832 0.03888 0.03945 0.04001 0.04057 0.04114 0.0417 0.04226 0.04283 0.04339 0.04396 0.04452 0.04508 0.04565 0.04621 0.04677 0.04734 0.0479 0.04846 0.04903 0.04959 0.05015 0.05072 0.05128 0.05184 0.05241 0.05297 0.05354 0.0541 0.05466 0.05523 0.05579 0.05635 0.05692 0.05748 0.05804 0.05861 0.05917 0.05973 0.0603 0.06086 0.06142 0.06199 0.06255 0.06311 0.06368 0.06424 0.06481 0.06537 0.06593 0.0665 0.06706 0.06762 0.06819 0.06875 0.06931 0.06988 0.07044 0.071 0.07157 0.07213 0.07269 0.07326 0.07382 0.07438 0.07495 0.07551 0.07607 0.07664 0.0772 0.07776 0.07833 0.07889 0.07946 0.08002 0.08058 0.08115 0.08171 0.08227 0.08284 0.0834 0.08396 0.08453 0.08509 0.08565 0.08622 0.08678 0.08734 0.08791 0.08847 0.08903 0.0896 0.09016 0.09072 0.09129 0.09185 0.09242 0.09298 0.09354 0.09411 0.09467 0.09523 0.0958 0.09636 0.09692 0.09749 0.09805 0.09861 0.09918 0.09974 0.1003 0.10087 0.10143 0.10199 0.10256 0.10312 0.10368 0.10425 0.10481 0.10537 0.10594 0.1065 0.10706 0.10763 0.10819 0.10876 0.10932 0.10988 0.11045 0.11101 0.11157 0.11214 0.1127 0.11326 0.11383 0.11439 0.11495 0.11552 0.11608 0.11664 0.11721 0.11777 0.11833 0.1189 0.11946 0.12002 0.12059 0.12115 0.12171 0.12228 0.12284 0.1234 0.12397 0.12453 0.12509 0.12566 0.12622 0.12678 0.12735 0.12791 0.12848 0.12904 0.1296 0.13017 0.13073 0.13129 0.13186 0.13242 0.13298 0.13355 0.13411 0.13467 0.13524 0.1358 0.13636 0.13693 0.13749 0.13805 0.13862 0.13918 0.13974 0.14031
-0.0 0.00062 0.00123 0.00185 0.00247 0.00308 0.0037 0.00431 0.00493 0.00555 0.00616 0.00678 0.0074 0.00801 0.00863 0.00925 0.00986 0.01048 0.0111 0.01171 0.01233 0.01294 0.01356 0.01418 0.01479 0.01541 0.01603 0.01664 0.01726 0.01788 0.01849 0.01911 0.01973 0.02034 0.02096 0.02158 0.02219 0.02281 0.02342 0.02404 0.02466 0.02527 0.02589 0.02651 0.02712 0.02774 0.02836 0.02897 0.02959 0.0302 0.03082 0.03144 0.03205 0.03267 0.03329 0.0339 0.03452 0.03514 0.03575 0.03637 0.03699 0.0376 0.03822 0.03883 0.03945 0.04007 0.04068 0.0413 0.04192 0.04253 0.04315 0.04377 0.04438 0.045 0.04561 0.04623 0.04685 0.04746 0.04808 0.0487 0.04931 0.04993 0.05055 0.05116 0.05178 0.05239 0.05301 0.05363 0.05424 0.05486 0.05548 0.05609 0.05671 0.05733 0.05794 0.05856 0.05918 0.05979 0.06041 0.06102 0.06164 0.06226 0.06287 0.06349 0.06411 0.06472 0.06534 0.06596 0.06657 0.06719 0.0678 0.06842 0.06904 0.06965 0.07027 0.07089 0.0715 0.07212 0.07274 0.07335 0.07397 0.07458 0.0752 0.07582 0.07643 0.07705 0.07767 0.07828 0.0789 0.07952 0.08013 0.08075 0.08136 0.08198 0.0826 0.08321 0.08383 0.08445 0.08506 0.08568 0.08629 0.08691 0.08753 0.08814 0.08876 0.08938 0.08999 0.09061 0.09123 0.09184 0.09246 0.09307 0.09369 0.09431 0.09492 0.09554 0.09616 0.09677 0.09739 0.09801 0.09862 0.09924 0.09985 0.10047 0.10109 0.1017 0.10232 0.10294 0.10355 0.10417 0.10478 0.1054 0.10602 0.10663 0.10725 0.10787 0.10848 0.1091 0.10972 0.11033 0.11095 0.11156 0.11218 0.1128 0.11341 0.11403 0.11465 0.11526 0.11588 0.11649 0.11711 0.11773 0.11834 0.11896 0.11958 0.12019 0.12081 0.12142 0.12204 0.12266 0.12327 0.12389 0.12451 0.12512 0.12574 0.12636 0.12697 0.12759 0.1282 0.12882 0.12944 0.13005 0.13067 0.13129 0.1319 0.13252 0.13313 0.13375 0.13437 0.13498 0.1356 0.13622 0.13683 0.13745 0.13807 0.13868 0.1393 0.13991 0.14053 0.14115 0.14176 0.14238 0.143 0.14361 0.14423 0.14484 0.14546 0.14608 0.14669 0.14731 0.14793 0.14854 0.14916 0.14977 0.15039 0.15101 0.15162 0.15224 0.15286 0.15347
-0.0 0.00067 0.00135 0.00202 0.0027 0.00337 0.00405 0.00472 0.00539 0.00607 0.00674 0.00742 0.00809 0.00877 0.00944 0.01011 0.01079 0.01146 0.01214 0.01281 0.01349 0.01416 0.01483 0.01551 0.01618 0.01686 0.01753 0.01821 0.01888 0.01955 0.02023 0.0209 0.02158 0.02225 0.02293 0.0236 0.02427 0.02495 0.02562 0.0263 0.02697 0.02765 0.02832 0.02899 0.02967 0.03034 0.03102 0.03169 0.03237 0.03304 0.03371 0.03439 0.03506 0.03574 0.03641 0.03708 0.03776 0.03843 0.03911 0.03978 0.04046 0.04113 0.0418 0.04248 0.04315 0.04383 0.0445 0.04518 0.04585 0.04652 0.0472 0.04787 0.04855 0.04922 0.04989 0.05057 0.05124 0.05192 0.05259 0.05327 0.05394 0.05461 0.05529 0.05596 0.05664 0.05731 0.05799 0.05866 0.05933 0.06001 0.06068 0.06136 0.06203 0.0627 0.06338 0.06405 0.06473 0.0654 0.06608 0.06675 0.06742 0.0681 0.06877 0.06945 0.07012 0.0708 0.07147 0.07214 0.07282 0.07349 0.07417 0.07484 0.07551 0.07619 0.07686 0.07754 0.07821 0.07889 0.07956 0.08023 0.08091 0.08158 0.08226 0.08293 0.08361 0.08428 0.08495 0.08563 0.0863 0.08698 0.08765 0.08832 0.089 0.08967 0.09035 0.09102 0.0917 0.09237 0.09304 0.09372 0.09439 0.09507 0.09574 0.09641 0.09709 0.09776 0.09844 0.09911 0.09978 0.10046 0.10113 0.10181 0.10248 0.10316 0.10383 0.1045 0.10518 0.10585 0.10653 0.1072 0.10788 0.10855 0.10922 0.1099 0.11057 0.11125 0.11192 0.11259 0.11327 0.11394 0.11462 0.11529 0.11596 0.11664 0.11731 0.11799 0.11866 0.11934 0.12001 0.12068 0.12136 0.12203 0.12271 0.12338 0.12405 0.12473 0.1254 0.12608 0.12675 0.12742 0.1281 0.12877 0.12945 0.13012 0.1308 0.13147 0.13214 0.13282 0.13349 0.13417 0.13484 0.13551 0.13619 0.13686 0.13754 0.13821 0.13888 0.13956 0.14023 0.14091 0.14158 0.14225 0.14293 0.1436 0.14428 0.14495 0.14563 0.1463 0.14697 0.14765 0.14832 0.149 0.14967 0.15034 0.15102 0.15169 0.15237 0.15304 0.15372 0.15439 0.15506 0.15574 0.15641 0.15709 0.15776 0.15843 0.15911 0.15978 0.16046 0.16113 0.1618 0.16248 0.16315 0.16383 0.1645 0.16517 0.16585 0.16652 0.1672 0.16787
-0.0 0.00074 0.00148 0.00221 0.00295 0.00369 0.00443 0.00516 0.0059 0.00664 0.00738 0.00811 0.00885 0.00959 0.01033 0.01106 0.0118 0.01254 0.01328 0.01401 0.01475 0.01549 0.01623 0.01696 0.0177 0.01844 0.01918 0.01991 0.02065 0.02139 0.02213 0.02286 0.0236 0.02434 0.02508 0.02581 0.02655 0.02729 0.02803 0.02876 0.0295 0.03024 0.03098 0.03171 0.03245 0.03319 0.03393 0.03466 0.0354 0.03614 0.03688 0.03761 0.03835 0.03909 0.03983 0.04056 0.0413 0.04204 0.04278 0.04351 0.04425 0.04499 0.04573 0.04646 0.0472 0.04794 0.04868 0.04941 0.05015 0.05089 0.05163 0.05236 0.0531 0.05384 0.05458 0.05531 0.05605 0.05679 0.05753 0.05826 0.059 0.05974 0.06048 0.06121 0.06195 0.06269 0.06343 0.06416 0.0649 0.06564 0.06638 0.06711 0.06785 0.06859 0.06933 0.07006 0.0708 0.07154 0.07228 0.07301 0.07375 0.07449 0.07523 0.07596 0.0767 0.07744 0.07817 0.07891 0.07965 0.08039 0.08112 0.08186 0.0826 0.08334 0.08407 0.08481 0.08555 0.08629 0.08702 0.08776 0.0885 0.08924 0.08997 0.09071 0.09145 0.09219 0.09292 0.09366 0.0944 0.09514 0.09587 0.09661 0.09735 0.09808 0.09882 0.09956 0.1003 0.10103 0.10177 0.10251 0.10325 0.10398 0.10472 0.10546 0.1062 0.10693 0.10767 0.10841 0.10915 0.10988 0.11062 0.11136 0.1121 0.11283 0.11357 0.11431 0.11505 0.11578 0.11652 0.11726 0.11799 0.11873 0.11947 0.12021 0.12094 0.12168 0.12242 0.12316 0.12389 0.12463 0.12537 0.12611 0.12684 0.12758 0.12832 0.12906 0.12979 0.13053 0.13127 0.132 0.13274 0.13348 0.13422 0.13495 0.13569 0.13643 0.13717 0.1379 0.13864 0.13938 0.14012 0.14085 0.14159 0.14233 0.14306 0.1438 0.14454 0.14528 0.14601 0.14675 0.14749 0.14823 0.14896 0.1497 0.15044 0.15118 0.15191 0.15265 0.15339 0.15412 0.15486 0.1556 0.15634 0.15707 0.15781 0.15855 0.15929 0.16002 0.16076 0.1615 0.16224 0.16297 0.16371 0.16445 0.16519 0.16592 0.16666 0.1674 0.16813 0.16887 0.16961 0.17035 0.17108 0.17182 0.17256 0.1733 0.17403 0.17477 0.17551 0.17624 0.17698 0.17772 0.17846 0.17919 0.17993 0.18067 0.18141 0.18214 0.18288 0.18362
-0.0 0.00081 0.00161 0.00242 0.00323 0.00403 0.00484 0.00565 0.00645 0.00726 0.00807 0.00887 0.00968 0.01049 0.01129 0.0121 0.01291 0.01371 0.01452 0.01533 0.01613 0.01694 0.01775 0.01856 0.01936 0.02017 0.02098 0.02178 0.02259 0.0234 0.0242 0.02501 0.02582 0.02662 0.02743 0.02824 0.02904 0.02985 0.03066 0.03146 0.03227 0.03308 0.03388 0.03469 0.0355 0.0363 0.03711 0.03792 0.03872 0.03953 0.04034 0.04114 0.04195 0.04276 0.04356 0.04437 0.04518 0.04598 0.04679 0.0476 0.0484 0.04921 0.05002 0.05082 0.05163 0.05244 0.05324 0.05405 0.05486 0.05566 0.05647 0.05728 0.05808 0.05889 0.0597 0.0605 0.06131 0.06212 0.06292 0.06373 0.06454 0.06534 0.06615 0.06696 0.06776 0.06857 0.06938 0.07018 0.07099 0.0718 0.0726 0.07341 0.07422 0.07502 0.07583 0.07664 0.07744 0.07825 0.07906 0.07986 0.08067 0.08148 0.08228 0.08309 0.0839 0.0847 0.08551 0.08632 0.08712 0.08793 0.08874 0.08954 0.09035 0.09116 0.09196 0.09277 0.09358 0.09438 0.09519 0.096 0.0968 0.09761 0.09842 0.09922 0.10003 0.10084 0.10164 0.10245 0.10326 0.10406 0.10487 0.10568 0.10648 0.10729 0.1081 0.1089 0.10971 0.11051 0.11132 0.11213 0.11293 0.11374 0.11455 0.11535 0.11616 0.11697 0.11777 0.11858 0.11939 0.12019 0.121 0.12181 0.12261 0.12342 0.12423 0.12503 0.12584 0.12665 0.12745 0.12826 0.12907 0.12987 0.13068 0.13149 0.13229 0.1331 0.13391 0.13471 0.13552 0.13633 0.13713 0.13794 0.13875 0.13955 0.14036 0.14116 0.14197 0.14278 0.14358 0.14439 0.1452 0.146 0.14681 0.14762 0.14842 0.14923 0.15004 0.15084 0.15165 0.15246 0.15326 0.15407 0.15488 0.15568 0.15649 0.15729 0.1581 0.15891 0.15971 0.16052 0.16133 0.16213 0.16294 0.16375 0.16455 0.16536 0.16617 0.16697 0.16778 0.16859 0.16939 0.1702 0.17101 0.17181 0.17262 0.17342 0.17423 0.17504 0.17585 0.17665 0.17746 0.17826 0.17907 0.17988 0.18068 0.18149 0.1823 0.1831 0.18391 0.18472 0.18552 0.18633 0.18714 0.18794 0.18875 0.18955 0.19036 0.19117 0.19197 0.19278 0.19359 0.19439 0.1952 0.19601 0.19681 0.19762 0.19843 0.19923 0.20004 0.20084
