Models/xredden_tau_factor_vs_EBV_energy.ecsv
# %ECSV 1.0
# ---
# datatype:
# - {name: col0, datatype: float32}
# - {name: col1, datatype: float32}
# - {name: col2, datatype: float32}
# - {name: col3, datatype: float32}
# - {name: col4, datatype: float32}
# - {name: col5, datatype: float32}
# - {name: col6, datatype: float32}
# - {name: col7, datatype: float32}
# - {name: col8, datatype: float32}
# - {name: col9, datatype: float32}
# - {name: col10, datatype: float32}
# - {name: col11, datatype: float32}
# - {name: col12, datatype: float32}
# - {name: col13, datatype: float32}
# - {name: col14, datatype: float32}
# - {name: col15, datatype: float32}
# - {name: col16, datatype: float32}
# - {name: col17, datatype: float32}
# - {name: col18, datatype: float32}
# - {name: col19, datatype: float32}
# - {name: col20, datatype: float32}
# - {name: col21, datatype: float32}
# - {name: col22, datatype: float32}
# - {name: col23, datatype: float32}
# - {name: col24, datatype: float32}
# - {name: col25, datatype: float32}
# - {name: col26, datatype: float32}
# - {name: col27, datatype: float32}
# - {name: col28, datatype: float32}
# - {name: col29, datatype: float32}
# - {name: col30, datatype: float32}
# - {name: col31, datatype: float32}
# - {name: col32, datatype: float32}
# - {name: col33, datatype: float32}
# - {name: col34, datatype: float32}
# - {name: col35, datatype: float32}
# - {name: col36, datatype: float32}
# - {name: col37, datatype: float32}
# - {name: col38, datatype: float32}
# - {name: col39, datatype: float32}
# - {name: col40, datatype: float32}
# - {name: col41, datatype: float32}
# - {name: col42, datatype: float32}
# - {name: col43, datatype: float32}
# - {name: col44, datatype: float32}
# - {name: col45, datatype: float32}
# - {name: col46, datatype: float32}
# - {name: col47, datatype: float32}
# - {name: col48, datatype: float32}
# - {name: col49, datatype: float32}
# - {name: col50, datatype: float32}
# - {name: col51, datatype: float32}
# - {name: col52, datatype: float32}
# - {name: col53, datatype: float32}
# - {name: col54, datatype: float32}
# - {name: col55, datatype: float32}
# - {name: col56, datatype: float32}
# - {name: col57, datatype: float32}
# - {name: col58, datatype: float32}
# - {name: col59, datatype: float32}
# - {name: col60, datatype: float32}
# - {name: col61, datatype: float32}
# - {name: col62, datatype: float32}
# - {name: col63, datatype: float32}
# - {name: col64, datatype: float32}
# - {name: col65, datatype: float32}
# - {name: col66, datatype: float32}
# - {name: col67, datatype: float32}
# - {name: col68, datatype: float32}
# - {name: col69, datatype: float32}
# - {name: col70, datatype: float32}
# - {name: col71, datatype: float32}
# - {name: col72, datatype: float32}
# - {name: col73, datatype: float32}
# - {name: col74, datatype: float32}
# - {name: col75, datatype: float32}
# - {name: col76, datatype: float32}
# - {name: col77, datatype: float32}
# - {name: col78, datatype: float32}
# - {name: col79, datatype: float32}
# - {name: col80, datatype: float32}
# - {name: col81, datatype: float32}
# - {name: col82, datatype: float32}
# - {name: col83, datatype: float32}
# - {name: col84, datatype: float32}
# - {name: col85, datatype: float32}
# - {name: col86, datatype: float32}
# - {name: col87, datatype: float32}
# - {name: col88, datatype: float32}
[...]
# schema: astropy-2.0
col0 col1 col2 col3 col4 col5 col6 col7 col8 col9 col10 col11 col12 col13 col14 col15 col16 col17 col18 col19 col20 col21 col22 col23 col24 col25 col26 col27 col28 col29 col30 col31 col32 col33 col34 col35 col36 col37 col38 col39 col40 col41 col42 col43 col44 col45 col46 col47 col48 col49 col50 col51 col52 col53 col54 col55 col56 col57 col58 col59 col60 col61 col62 col63 col64 col65 col66 col67 col68 col69 col70 col71 col72 col73 col74 col75 col76 col77 col78 col79 col80 col81 col82 col83 col84 col85 col86 col87 col88 col89 col90 col91 col92 col93 col94 col95 col96 col97 col98 col99 col100 col101 col102 col103 col104 col105 col106 col107 col108 col109 col110 col111 col112 col113 col114 col115 col116 col117 col118 col119 col120 col121 col122 col123 col124 col125 col126 col127 col128 col129 col130 col131 col132 col133 col134 col135 col136 col137 col138 col139 col140 col141 col142 col143 col144 col145 col146 col147 col148 col149 col150 col151 col152 col153 col154 col155 col156 col157 col158 col159 col160 col161 col162 col163 col164 col165 col166 col167 col168 col169 col170 col171 col172 col173 col174 col175 col176 col177 col178 col179 col180 col181 col182 col183 col184 col185 col186 col187 col188 col189 col190 col191 col192 col193 col194 col195 col196 col197 col198 col199 col200 col201 col202 col203 col204 col205 col206 col207 col208 col209 col210 col211 col212 col213 col214 col215 col216 col217 col218 col219 col220 col221 col222 col223 col224 col225 col226 col227 col228 col229 col230 col231 col232 col233 col234 col235 col236 col237 col238 col239 col240 col241 col242 col243 col244 col245 col246 col247 col248 col249
-0.0 0.00021 0.00042 0.00063 0.00084 0.00105 0.00126 0.00147 0.00168 0.00189 0.0021 0.00231 0.00252 0.00273 0.00294 0.00315 0.00336 0.00357 0.00378 0.00399 0.0042 0.00441 0.00462 0.00483 0.00504 0.00525 0.00546 0.00567 0.00588 0.00609 0.0063 0.00651 0.00672 0.00693 0.00714 0.00735 0.00756 0.00777 0.00798 0.00819 0.0084 0.00861 0.00883 0.00904 0.00925 0.00946 0.00967 0.00988 0.01009 0.0103 0.01051 0.01072 0.01093 0.01114 0.01135 0.01156 0.01177 0.01198 0.01219 0.0124 0.01261 0.01282 0.01303 0.01324 0.01345 0.01366 0.01387 0.01408 0.01429 0.0145 0.01471 0.01492 0.01513 0.01534 0.01555 0.01576 0.01597 0.01618 0.01639 0.0166 0.01681 0.01702 0.01723 0.01744 0.01765 0.01786 0.01807 0.01828 0.01849 0.0187 0.01891 0.01912 0.01933 0.01954 0.01975 0.01996 0.02017 0.02038 0.02059 0.0208 0.02101 0.02122 0.02143 0.02164 0.02185 0.02206 0.02227 0.02248 0.02269 0.0229 0.02311 0.02332 0.02353 0.02374 0.02395 0.02416 0.02437 0.02458 0.02479 0.025 0.02521 0.02542 0.02563 0.02584 0.02605 0.02626 0.02647 0.02668 0.02689 0.0271 0.02732 0.02753 0.02774 0.02795 0.02816 0.02837 0.02858 0.02879 0.029 0.02921 0.02942 0.02963 0.02984 0.03005 0.03026 0.03047 0.03068 0.03089 0.0311 0.03131 0.03152 0.03173 0.03194 0.03215 0.03236 0.03257 0.03278 0.03299 0.0332 0.03341 0.03362 0.03383 0.03404 0.03425 0.03446 0.03467 0.03488 0.03509 0.0353 0.03551 0.03572 0.03593 0.03614 0.03635 0.03656 0.03677 0.03698 0.03719 0.0374 0.03761 0.03782 0.03803 0.03824 0.03845 0.03866 0.03887 0.03908 0.03929 0.0395 0.03971 0.03992 0.04013 0.04034 0.04055 0.04076 0.04097 0.04118 0.04139 0.0416 0.04181 0.04202 0.04223 0.04244 0.04265 0.04286 0.04307 0.04328 0.04349 0.0437 0.04391 0.04412 0.04433 0.04454 0.04475 0.04496 0.04517 0.04538 0.04559 0.0458 0.04601 0.04622 0.04643 0.04664 0.04685 0.04707 0.04728 0.04749 0.0477 0.04791 0.04812 0.04833 0.04854 0.04875 0.04896 0.04917 0.04938 0.04959 0.0498 0.05001 0.05022 0.05043 0.05064 0.05085 0.05106 0.05127 0.05148 0.05169 0.0519 0.05211 0.05232
-0.0 0.00023 0.00046 0.00069 0.00092 0.00115 0.00138 0.00161 0.00184 0.00207 0.0023 0.00253 0.00276 0.00299 0.00322 0.00345 0.00368 0.00391 0.00414 0.00437 0.0046 0.00483 0.00506 0.00529 0.00552 0.00575 0.00598 0.00621 0.00644 0.00667 0.0069 0.00712 0.00735 0.00758 0.00781 0.00804 0.00827 0.0085 0.00873 0.00896 0.00919 0.00942 0.00965 0.00988 0.01011 0.01034 0.01057 0.0108 0.01103 0.01126 0.01149 0.01172 0.01195 0.01218 0.01241 0.01264 0.01287 0.0131 0.01333 0.01356 0.01379 0.01402 0.01425 0.01448 0.01471 0.01494 0.01517 0.0154 0.01563 0.01586 0.01609 0.01632 0.01655 0.01678 0.01701 0.01724 0.01747 0.0177 0.01793 0.01816 0.01839 0.01862 0.01885 0.01908 0.01931 0.01954 0.01977 0.02 0.02023 0.02046 0.02069 0.02091 0.02114 0.02137 0.0216 0.02183 0.02206 0.02229 0.02252 0.02275 0.02298 0.02321 0.02344 0.02367 0.0239 0.02413 0.02436 0.02459 0.02482 0.02505 0.02528 0.02551 0.02574 0.02597 0.0262 0.02643 0.02666 0.02689 0.02712 0.02735 0.02758 0.02781 0.02804 0.02827 0.0285 0.02873 0.02896 0.02919 0.02942 0.02965 0.02988 0.03011 0.03034 0.03057 0.0308 0.03103 0.03126 0.03149 0.03172 0.03195 0.03218 0.03241 0.03264 0.03287 0.0331 0.03333 0.03356 0.03379 0.03402 0.03424 0.03447 0.0347 0.03493 0.03516 0.03539 0.03562 0.03585 0.03608 0.03631 0.03654 0.03677 0.037 0.03723 0.03746 0.03769 0.03792 0.03815 0.03838 0.03861 0.03884 0.03907 0.0393 0.03953 0.03976 0.03999 0.04022 0.04045 0.04068 0.04091 0.04114 0.04137 0.0416 0.04183 0.04206 0.04229 0.04252 0.04275 0.04298 0.04321 0.04344 0.04367 0.0439 0.04413 0.04436 0.04459 0.04482 0.04505 0.04528 0.04551 0.04574 0.04597 0.0462 0.04643 0.04666 0.04689 0.04711 0.04734 0.04757 0.0478 0.04803 0.04826 0.04849 0.04872 0.04895 0.04918 0.04941 0.04964 0.04987 0.0501 0.05033 0.05056 0.05079 0.05102 0.05125 0.05148 0.05171 0.05194 0.05217 0.0524 0.05263 0.05286 0.05309 0.05332 0.05355 0.05378 0.05401 0.05424 0.05447 0.0547 0.05493 0.05516 0.05539 0.05562 0.05585 0.05608 0.05631 0.05654 0.05677 0.057 0.05723
-0.0 0.00025 0.0005 0.00075 0.00101 0.00126 0.00151 0.00176 0.00201 0.00226 0.00251 0.00277 0.00302 0.00327 0.00352 0.00377 0.00402 0.00427 0.00453 0.00478 0.00503 0.00528 0.00553 0.00578 0.00603 0.00628 0.00654 0.00679 0.00704 0.00729 0.00754 0.00779 0.00805 0.0083 0.00855 0.0088 0.00905 0.0093 0.00955 0.0098 0.01006 0.01031 0.01056 0.01081 0.01106 0.01131 0.01156 0.01182 0.01207 0.01232 0.01257 0.01282 0.01307 0.01332 0.01358 0.01383 0.01408 0.01433 0.01458 0.01483 0.01508 0.01534 0.01559 0.01584 0.01609 0.01634 0.01659 0.01684 0.0171 0.01735 0.0176 0.01785 0.0181 0.01835 0.0186 0.01886 0.01911 0.01936 0.01961 0.01986 0.02011 0.02036 0.02061 0.02087 0.02112 0.02137 0.02162 0.02187 0.02212 0.02237 0.02263 0.02288 0.02313 0.02338 0.02363 0.02388 0.02413 0.02439 0.02464 0.02489 0.02514 0.02539 0.02564 0.02589 0.02615 0.0264 0.02665 0.0269 0.02715 0.0274 0.02765 0.02791 0.02816 0.02841 0.02866 0.02891 0.02916 0.02941 0.02967 0.02992 0.03017 0.03042 0.03067 0.03092 0.03117 0.03142 0.03168 0.03193 0.03218 0.03243 0.03268 0.03293 0.03318 0.03344 0.03369 0.03394 0.03419 0.03444 0.03469 0.03494 0.0352 0.03545 0.0357 0.03595 0.0362 0.03645 0.0367 0.03696 0.03721 0.03746 0.03771 0.03796 0.03821 0.03846 0.03872 0.03897 0.03922 0.03947 0.03972 0.03997 0.04022 0.04048 0.04073 0.04098 0.04123 0.04148 0.04173 0.04198 0.04223 0.04249 0.04274 0.04299 0.04324 0.04349 0.04374 0.04399 0.04425 0.0445 0.04475 0.045 0.04525 0.0455 0.04575 0.04601 0.04626 0.04651 0.04676 0.04701 0.04726 0.04751 0.04777 0.04802 0.04827 0.04852 0.04877 0.04902 0.04927 0.04952 0.04978 0.05003 0.05028 0.05053 0.05078 0.05103 0.05128 0.05154 0.05179 0.05204 0.05229 0.05254 0.05279 0.05304 0.0533 0.05355 0.0538 0.05405 0.0543 0.05455 0.0548 0.05506 0.05531 0.05556 0.05581 0.05606 0.05631 0.05656 0.05681 0.05707 0.05732 0.05757 0.05782 0.05807 0.05832 0.05857 0.05883 0.05908 0.05933 0.05958 0.05983 0.06008 0.06033 0.06059 0.06084 0.06109 0.06134 0.06159 0.06184 0.06209 0.06235 0.0626
-0.0 0.00028 0.00055 0.00082 0.0011 0.00137 0.00165 0.00192 0.0022 0.00247 0.00275 0.00302 0.0033 0.00357 0.00385 0.00412 0.0044 0.00467 0.00495 0.00522 0.0055 0.00577 0.00605 0.00632 0.0066 0.00687 0.00715 0.00742 0.0077 0.00797 0.00825 0.00852 0.0088 0.00907 0.00935 0.00962 0.0099 0.01017 0.01045 0.01072 0.011 0.01127 0.01155 0.01182 0.0121 0.01237 0.01265 0.01292 0.0132 0.01347 0.01375 0.01402 0.0143 0.01457 0.01485 0.01512 0.0154 0.01567 0.01595 0.01622 0.0165 0.01677 0.01705 0.01732 0.0176 0.01787 0.01815 0.01842 0.0187 0.01897 0.01925 0.01952 0.0198 0.02007 0.02035 0.02062 0.0209 0.02117 0.02145 0.02172 0.022 0.02227 0.02255 0.02282 0.0231 0.02337 0.02365 0.02392 0.0242 0.02447 0.02475 0.02502 0.0253 0.02557 0.02585 0.02612 0.0264 0.02667 0.02695 0.02722 0.0275 0.02777 0.02805 0.02832 0.0286 0.02887 0.02915 0.02942 0.0297 0.02997 0.03025 0.03052 0.0308 0.03107 0.03135 0.03162 0.0319 0.03217 0.03245 0.03272 0.033 0.03327 0.03355 0.03382 0.0341 0.03437 0.03465 0.03492 0.0352 0.03547 0.03575 0.03602 0.0363 0.03657 0.03685 0.03712 0.0374 0.03767 0.03795 0.03822 0.0385 0.03877 0.03905 0.03932 0.0396 0.03987 0.04015 0.04042 0.0407 0.04097 0.04125 0.04152 0.0418 0.04207 0.04235 0.04262 0.0429 0.04317 0.04345 0.04372 0.044 0.04427 0.04455 0.04482 0.0451 0.04537 0.04565 0.04592 0.0462 0.04647 0.04675 0.04702 0.0473 0.04757 0.04785 0.04812 0.0484 0.04867 0.04895 0.04922 0.0495 0.04977 0.05005 0.05032 0.0506 0.05087 0.05115 0.05142 0.0517 0.05197 0.05225 0.05252 0.0528 0.05307 0.05335 0.05362 0.0539 0.05417 0.05445 0.05472 0.055 0.05527 0.05555 0.05582 0.0561 0.05637 0.05665 0.05692 0.0572 0.05747 0.05775 0.05802 0.0583 0.05857 0.05885 0.05912 0.0594 0.05967 0.05995 0.06022 0.0605 0.06077 0.06105 0.06132 0.0616 0.06187 0.06214 0.06242 0.06269 0.06297 0.06324 0.06352 0.06379 0.06407 0.06434 0.06462 0.06489 0.06517 0.06544 0.06572 0.06599 0.06627 0.06654 0.06682 0.06709 0.06737 0.06764 0.06792 0.06819 0.06847
-0.0 0.0003 0.0006 0.0009 0.0012 0.0015 0.0018 0.00211 0.00241 0.00271 0.00301 0.00331 0.00361 0.00391 0.00421 0.00451 0.00481 0.00511 0.00541 0.00572 0.00602 0.00632 0.00662 0.00692 0.00722 0.00752 0.00782 0.00812 0.00842 0.00872 0.00902 0.00932 0.00963 0.00993 0.01023 0.01053 0.01083 0.01113 0.01143 0.01173 0.01203 0.01233 0.01263 0.01293 0.01324 0.01354 0.01384 0.01414 0.01444 0.01474 0.01504 0.01534 0.01564 0.01594 0.01624 0.01654 0.01684 0.01715 0.01745 0.01775 0.01805 0.01835 0.01865 0.01895 0.01925 0.01955 0.01985 0.02015 0.02045 0.02075 0.02106 0.02136 0.02166 0.02196 0.02226 0.02256 0.02286 0.02316 0.02346 0.02376 0.02406 0.02436 0.02466 0.02497 0.02527 0.02557 0.02587 0.02617 0.02647 0.02677 0.02707 0.02737 0.02767 0.02797 0.02827 0.02858 0.02888 0.02918 0.02948 0.02978 0.03008 0.03038 0.03068 0.03098 0.03128 0.03158 0.03188 0.03218 0.03249 0.03279 0.03309 0.03339 0.03369 0.03399 0.03429 0.03459 0.03489 0.03519 0.03549 0.03579 0.03609 0.0364 0.0367 0.037 0.0373 0.0376 0.0379 0.0382 0.0385 0.0388 0.0391 0.0394 0.0397 0.04 0.04031 0.04061 0.04091 0.04121 0.04151 0.04181 0.04211 0.04241 0.04271 0.04301 0.04331 0.04361 0.04391 0.04422 0.04452 0.04482 0.04512 0.04542 0.04572 0.04602 0.04632 0.04662 0.04692 0.04722 0.04752 0.04783 0.04813 0.04843 0.04873 0.04903 0.04933 0.04963 0.04993 0.05023 0.05053 0.05083 0.05113 0.05143 0.05174 0.05204 0.05234 0.05264 0.05294 0.05324 0.05354 0.05384 0.05414 0.05444 0.05474 0.05504 0.05534 0.05565 0.05595 0.05625 0.05655 0.05685 0.05715 0.05745 0.05775 0.05805 0.05835 0.05865 0.05895 0.05925 0.05955 0.05986 0.06016 0.06046 0.06076 0.06106 0.06136 0.06166 0.06196 0.06226 0.06256 0.06286 0.06316 0.06346 0.06377 0.06407 0.06437 0.06467 0.06497 0.06527 0.06557 0.06587 0.06617 0.06647 0.06677 0.06707 0.06738 0.06768 0.06798 0.06828 0.06858 0.06888 0.06918 0.06948 0.06978 0.07008 0.07038 0.07068 0.07098 0.07128 0.07159 0.07189 0.07219 0.07249 0.07279 0.07309 0.07339 0.07369 0.07399 0.07429 0.07459 0.07489
-0.0 0.00033 0.00066 0.00099 0.00132 0.00165 0.00197 0.0023 0.00263 0.00296 0.00329 0.00362 0.00395 0.00428 0.00461 0.00494 0.00526 0.00559 0.00592 0.00625 0.00658 0.00691 0.00724 0.00757 0.0079 0.00823 0.00855 0.00888 0.00921 0.00954 0.00987 0.0102 0.01053 0.01086 0.01119 0.01152 0.01185 0.01217 0.0125 0.01283 0.01316 0.01349 0.01382 0.01415 0.01448 0.01481 0.01514 0.01546 0.01579 0.01612 0.01645 0.01678 0.01711 0.01744 0.01777 0.0181 0.01843 0.01875 0.01908 0.01941 0.01974 0.02007 0.0204 0.02073 0.02106 0.02139 0.02172 0.02204 0.02237 0.0227 0.02303 0.02336 0.02369 0.02402 0.02435 0.02468 0.02501 0.02533 0.02566 0.02599 0.02632 0.02665 0.02698 0.02731 0.02764 0.02797 0.0283 0.02862 0.02895 0.02928 0.02961 0.02994 0.03027 0.0306 0.03093 0.03126 0.03159 0.03191 0.03224 0.03257 0.0329 0.03323 0.03356 0.03389 0.03422 0.03455 0.03488 0.0352 0.03553 0.03586 0.03619 0.03652 0.03685 0.03718 0.03751 0.03784 0.03817 0.03849 0.03882 0.03915 0.03948 0.03981 0.04014 0.04047 0.0408 0.04113 0.04146 0.04178 0.04211 0.04244 0.04277 0.0431 0.04343 0.04376 0.04409 0.04442 0.04475 0.04507 0.0454 0.04573 0.04606 0.04639 0.04672 0.04705 0.04738 0.04771 0.04804 0.04836 0.04869 0.04902 0.04935 0.04968 0.05001 0.05034 0.05067 0.051 0.05133 0.05165 0.05198 0.05231 0.05264 0.05297 0.0533 0.05363 0.05396 0.05429 0.05462 0.05494 0.05527 0.0556 0.05593 0.05626 0.05659 0.05692 0.05725 0.05758 0.05791 0.05823 0.05856 0.05889 0.05922 0.05955 0.05988 0.06021 0.06054 0.06087 0.0612 0.06152 0.06185 0.06218 0.06251 0.06284 0.06317 0.0635 0.06383 0.06416 0.06449 0.06481 0.06514 0.06547 0.0658 0.06613 0.06646 0.06679 0.06712 0.06745 0.06777 0.0681 0.06843 0.06876 0.06909 0.06942 0.06975 0.07008 0.07041 0.07074 0.07106 0.07139 0.07172 0.07205 0.07238 0.07271 0.07304 0.07337 0.0737 0.07403 0.07435 0.07468 0.07501 0.07534 0.07567 0.076 0.07633 0.07666 0.07699 0.07732 0.07764 0.07797 0.0783 0.07863 0.07896 0.07929 0.07962 0.07995 0.08028 0.08061 0.08093 0.08126 0.08159 0.08192
-0.0 0.00036 0.00072 0.00108 0.00144 0.0018 0.00216 0.00252 0.00288 0.00324 0.0036 0.00396 0.00432 0.00468 0.00504 0.0054 0.00576 0.00612 0.00648 0.00684 0.0072 0.00756 0.00792 0.00828 0.00864 0.009 0.00936 0.00972 0.01008 0.01044 0.0108 0.01116 0.01152 0.01188 0.01224 0.0126 0.01296 0.01332 0.01368 0.01404 0.0144 0.01476 0.01512 0.01548 0.01584 0.0162 0.01656 0.01692 0.01727 0.01763 0.01799 0.01835 0.01871 0.01907 0.01943 0.01979 0.02015 0.02051 0.02087 0.02123 0.02159 0.02195 0.02231 0.02267 0.02303 0.02339 0.02375 0.02411 0.02447 0.02483 0.02519 0.02555 0.02591 0.02627 0.02663 0.02699 0.02735 0.02771 0.02807 0.02843 0.02879 0.02915 0.02951 0.02987 0.03023 0.03059 0.03095 0.03131 0.03167 0.03203 0.03239 0.03275 0.03311 0.03347 0.03383 0.03419 0.03455 0.03491 0.03527 0.03563 0.03599 0.03635 0.03671 0.03707 0.03743 0.03779 0.03815 0.03851 0.03887 0.03923 0.03959 0.03995 0.04031 0.04067 0.04103 0.04139 0.04175 0.04211 0.04247 0.04283 0.04319 0.04355 0.04391 0.04427 0.04463 0.04499 0.04535 0.0457 0.04606 0.04642 0.04678 0.04714 0.0475 0.04786 0.04822 0.04858 0.04894 0.0493 0.04966 0.05002 0.05038 0.05074 0.0511 0.05146 0.05182 0.05218 0.05254 0.0529 0.05326 0.05362 0.05398 0.05434 0.0547 0.05506 0.05542 0.05578 0.05614 0.0565 0.05686 0.05722 0.05758 0.05794 0.0583 0.05866 0.05902 0.05938 0.05974 0.0601 0.06046 0.06082 0.06118 0.06154 0.0619 0.06226 0.06262 0.06298 0.06334 0.0637 0.06406 0.06442 0.06478 0.06514 0.0655 0.06586 0.06622 0.06658 0.06694 0.0673 0.06766 0.06802 0.06838 0.06874 0.0691 0.06946 0.06982 0.07018 0.07053 0.07089 0.07125 0.07161 0.07197 0.07233 0.07269 0.07305 0.07341 0.07377 0.07413 0.07449 0.07485 0.07521 0.07557 0.07593 0.07629 0.07665 0.07701 0.07737 0.07773 0.07809 0.07845 0.07881 0.07917 0.07953 0.07989 0.08025 0.08061 0.08097 0.08133 0.08169 0.08205 0.08241 0.08277 0.08313 0.08349 0.08385 0.08421 0.08457 0.08493 0.08529 0.08565 0.08601 0.08637 0.08673 0.08709 0.08745 0.08781 0.08817 0.08853 0.08889 0.08925 0.08961
-0.0 0.00039 0.00079 0.00118 0.00157 0.00197 0.00236 0.00276 0.00315 0.00354 0.00394 0.00433 0.00472 0.00512 0.00551 0.0059 0.0063 0.00669 0.00709 0.00748 0.00787 0.00827 0.00866 0.00905 0.00945 0.00984 0.01024 0.01063 0.01102 0.01142 0.01181 0.0122 0.0126 0.01299 0.01338 0.01378 0.01417 0.01457 0.01496 0.01535 0.01575 0.01614 0.01653 0.01693 0.01732 0.01771 0.01811 0.0185 0.0189 0.01929 0.01968 0.02008 0.02047 0.02086 0.02126 0.02165 0.02205 0.02244 0.02283 0.02323 0.02362 0.02401 0.02441 0.0248 0.02519 0.02559 0.02598 0.02638 0.02677 0.02716 0.02756 0.02795 0.02834 0.02874 0.02913 0.02952 0.02992 0.03031 0.03071 0.0311 0.03149 0.03189 0.03228 0.03267 0.03307 0.03346 0.03385 0.03425 0.03464 0.03504 0.03543 0.03582 0.03622 0.03661 0.037 0.0374 0.03779 0.03818 0.03858 0.03897 0.03937 0.03976 0.04015 0.04055 0.04094 0.04133 0.04173 0.04212 0.04251 0.04291 0.0433 0.0437 0.04409 0.04448 0.04488 0.04527 0.04566 0.04606 0.04645 0.04684 0.04724 0.04763 0.04803 0.04842 0.04881 0.04921 0.0496 0.04999 0.05039 0.05078 0.05117 0.05157 0.05196 0.05236 0.05275 0.05314 0.05354 0.05393 0.05432 0.05472 0.05511 0.0555 0.0559 0.05629 0.05669 0.05708 0.05747 0.05787 0.05826 0.05865 0.05905 0.05944 0.05983 0.06023 0.06062 0.06102 0.06141 0.0618 0.0622 0.06259 0.06298 0.06338 0.06377 0.06416 0.06456 0.06495 0.06535 0.06574 0.06613 0.06653 0.06692 0.06731 0.06771 0.0681 0.06849 0.06889 0.06928 0.06968 0.07007 0.07046 0.07086 0.07125 0.07164 0.07204 0.07243 0.07282 0.07322 0.07361 0.074 0.0744 0.07479 0.07519 0.07558 0.07597 0.07637 0.07676 0.07715 0.07755 0.07794 0.07833 0.07873 0.07912 0.07952 0.07991 0.0803 0.0807 0.08109 0.08148 0.08188 0.08227 0.08266 0.08306 0.08345 0.08384 0.08424 0.08463 0.08503 0.08542 0.08581 0.08621 0.0866 0.08699 0.08739 0.08778 0.08817 0.08857 0.08896 0.08936 0.08975 0.09014 0.09054 0.09093 0.09132 0.09172 0.09211 0.0925 0.0929 0.09329 0.09369 0.09408 0.09447 0.09487 0.09526 0.09565 0.09605 0.09644 0.09683 0.09723 0.09762 0.09801
