Models/xredden_tau_factor_vs_EBV_energy.ecsv
# %ECSV 1.0
# ---
# datatype:
# - {name: col0, datatype: float32}
# - {name: col1, datatype: float32}
# - {name: col2, datatype: float32}
# - {name: col3, datatype: float32}
# - {name: col4, datatype: float32}
# - {name: col5, datatype: float32}
# - {name: col6, datatype: float32}
# - {name: col7, datatype: float32}
# - {name: col8, datatype: float32}
# - {name: col9, datatype: float32}
# - {name: col10, datatype: float32}
# - {name: col11, datatype: float32}
# - {name: col12, datatype: float32}
# - {name: col13, datatype: float32}
# - {name: col14, datatype: float32}
# - {name: col15, datatype: float32}
# - {name: col16, datatype: float32}
# - {name: col17, datatype: float32}
# - {name: col18, datatype: float32}
# - {name: col19, datatype: float32}
# - {name: col20, datatype: float32}
# - {name: col21, datatype: float32}
# - {name: col22, datatype: float32}
# - {name: col23, datatype: float32}
# - {name: col24, datatype: float32}
# - {name: col25, datatype: float32}
# - {name: col26, datatype: float32}
# - {name: col27, datatype: float32}
# - {name: col28, datatype: float32}
# - {name: col29, datatype: float32}
# - {name: col30, datatype: float32}
# - {name: col31, datatype: float32}
# - {name: col32, datatype: float32}
# - {name: col33, datatype: float32}
# - {name: col34, datatype: float32}
# - {name: col35, datatype: float32}
# - {name: col36, datatype: float32}
# - {name: col37, datatype: float32}
# - {name: col38, datatype: float32}
# - {name: col39, datatype: float32}
# - {name: col40, datatype: float32}
# - {name: col41, datatype: float32}
# - {name: col42, datatype: float32}
# - {name: col43, datatype: float32}
# - {name: col44, datatype: float32}
# - {name: col45, datatype: float32}
# - {name: col46, datatype: float32}
# - {name: col47, datatype: float32}
# - {name: col48, datatype: float32}
# - {name: col49, datatype: float32}
# - {name: col50, datatype: float32}
# - {name: col51, datatype: float32}
# - {name: col52, datatype: float32}
# - {name: col53, datatype: float32}
# - {name: col54, datatype: float32}
# - {name: col55, datatype: float32}
# - {name: col56, datatype: float32}
# - {name: col57, datatype: float32}
# - {name: col58, datatype: float32}
# - {name: col59, datatype: float32}
# - {name: col60, datatype: float32}
# - {name: col61, datatype: float32}
# - {name: col62, datatype: float32}
# - {name: col63, datatype: float32}
# - {name: col64, datatype: float32}
# - {name: col65, datatype: float32}
# - {name: col66, datatype: float32}
# - {name: col67, datatype: float32}
# - {name: col68, datatype: float32}
# - {name: col69, datatype: float32}
# - {name: col70, datatype: float32}
# - {name: col71, datatype: float32}
# - {name: col72, datatype: float32}
# - {name: col73, datatype: float32}
# - {name: col74, datatype: float32}
# - {name: col75, datatype: float32}
# - {name: col76, datatype: float32}
# - {name: col77, datatype: float32}
# - {name: col78, datatype: float32}
# - {name: col79, datatype: float32}
# - {name: col80, datatype: float32}
# - {name: col81, datatype: float32}
# - {name: col82, datatype: float32}
# - {name: col83, datatype: float32}
# - {name: col84, datatype: float32}
# - {name: col85, datatype: float32}
# - {name: col86, datatype: float32}
# - {name: col87, datatype: float32}
# - {name: col88, datatype: float32}
[...]
# schema: astropy-2.0
col0 col1 col2 col3 col4 col5 col6 col7 col8 col9 col10 col11 col12 col13 col14 col15 col16 col17 col18 col19 col20 col21 col22 col23 col24 col25 col26 col27 col28 col29 col30 col31 col32 col33 col34 col35 col36 col37 col38 col39 col40 col41 col42 col43 col44 col45 col46 col47 col48 col49 col50 col51 col52 col53 col54 col55 col56 col57 col58 col59 col60 col61 col62 col63 col64 col65 col66 col67 col68 col69 col70 col71 col72 col73 col74 col75 col76 col77 col78 col79 col80 col81 col82 col83 col84 col85 col86 col87 col88 col89 col90 col91 col92 col93 col94 col95 col96 col97 col98 col99 col100 col101 col102 col103 col104 col105 col106 col107 col108 col109 col110 col111 col112 col113 col114 col115 col116 col117 col118 col119 col120 col121 col122 col123 col124 col125 col126 col127 col128 col129 col130 col131 col132 col133 col134 col135 col136 col137 col138 col139 col140 col141 col142 col143 col144 col145 col146 col147 col148 col149 col150 col151 col152 col153 col154 col155 col156 col157 col158 col159 col160 col161 col162 col163 col164 col165 col166 col167 col168 col169 col170 col171 col172 col173 col174 col175 col176 col177 col178 col179 col180 col181 col182 col183 col184 col185 col186 col187 col188 col189 col190 col191 col192 col193 col194 col195 col196 col197 col198 col199 col200 col201 col202 col203 col204 col205 col206 col207 col208 col209 col210 col211 col212 col213 col214 col215 col216 col217 col218 col219 col220 col221 col222 col223 col224 col225 col226 col227 col228 col229 col230 col231 col232 col233 col234 col235 col236 col237 col238 col239 col240 col241 col242 col243 col244 col245 col246 col247 col248 col249
[from data line 57]
-0.0 0.03181 0.06363 0.09544 0.12725 0.15905 0.19086 0.22267 0.25447 0.28627 0.31808 0.34988 0.38168 0.41347 0.44527 0.47707 0.50886 0.54065 0.57244 0.60423 0.63602 0.66781 0.6996 0.73138 0.76317 0.79495 0.82673 0.85851 0.89029 0.92207 0.95384 0.98562 1.01742 1.0492 1.08097 1.11274 1.14451 1.17627 1.20804 1.2398 1.27157 1.30333 1.33509 1.36685 1.39861 1.43037 1.46212 1.49388 1.52563 1.55738 1.58913 1.62088 1.65263 1.68438 1.71612 1.74787 1.77961 1.81135 1.84309 1.87483 1.90657 1.9383 1.97004 2.00177 2.03351 2.06524 2.09697 2.1287 2.16042 2.19215 2.22388 2.2556 2.28732 2.31904 2.35076 2.38248 2.4142 2.44592 2.47763 2.50934 2.54106 2.57277 2.60448 2.63619 2.66789 2.6996 2.7313 2.76301 2.79471 2.82641 2.85811 2.88981 2.9215 2.9532 2.98492 3.01662 3.04831 3.08 3.11169 3.14338 3.17506 3.20675 3.23843 3.27012 3.3018 3.33348 3.36516 3.39684 3.42851 3.46019 3.49186 3.52353 3.5552 3.58688 3.61854 3.65021 3.68188 3.71354 3.74521 3.77687 3.80853 3.84019 3.87185 3.90351 3.93516 3.96682 3.99847 4.03012 4.06177 4.09342 4.12507 4.15672 4.18837 4.22001 4.25165 4.2833 4.31494 4.34658 4.37821 4.40985 4.44149 4.47312 4.50476 4.53639 4.56802 4.59965 4.63128 4.6629 4.69453 4.72615 4.75778 4.7894 4.82102 4.85264 4.88426 4.91587 4.94752 4.97913 5.01075 5.04236 5.07397 5.10558 5.13719 5.16879 5.2004 5.232 5.26361 5.29521 5.32681 5.35841 5.39001 5.4216 5.4532 5.48479 5.51638 5.54798 5.57957 5.61116 5.64274 5.67433 5.70592 5.7375 5.76908 5.80066 5.83225 5.86382 5.8954 5.92698 5.95855 5.99013 6.0217 6.05327 6.08484 6.11641 6.14798 6.17955 6.21111 6.24268 6.27424 6.3058 6.33736 6.36892 6.40048 6.43203 6.46359 6.49514 6.5267 6.55825 6.5898 6.62135 6.6529 6.68444 6.71599 6.74753 6.77908 6.81062 6.84216 6.8737 6.90527 6.9368 6.96834 6.99987 7.03141 7.06294 7.09447 7.126 7.15753 7.18905 7.22058 7.2521 7.28363 7.31515 7.34667 7.37819 7.40971 7.44123 7.47274 7.50426 7.53577 7.56728 7.59879 7.6303 7.66181 7.69332 7.72483 7.75633 7.78784 7.81934 7.85084 7.88234
-0.0 0.0342 0.0684 0.1026 0.1368 0.171 0.20519 0.23939 0.27358 0.30777 0.34196 0.37614 0.41033 0.44451 0.47869 0.51287 0.54705 0.58123 0.61541 0.64958 0.68375 0.71793 0.7521 0.78626 0.82043 0.8546 0.88876 0.92292 0.95708 0.99124 1.0254 1.05955 1.09374 1.12789 1.16204 1.19619 1.23034 1.26449 1.29863 1.33278 1.36692 1.40106 1.4352 1.46933 1.50347 1.5376 1.57173 1.60586 1.63999 1.67412 1.70825 1.74237 1.77649 1.81062 1.84473 1.87885 1.91297 1.94708 1.9812 2.01531 2.04942 2.08353 2.11764 2.15174 2.18585 2.21995 2.25405 2.28815 2.32225 2.35634 2.39044 2.42453 2.45862 2.49271 2.5268 2.56089 2.59497 2.62906 2.66314 2.69722 2.7313 2.76537 2.79945 2.83352 2.8676 2.90167 2.93574 2.96981 3.00387 3.03794 3.072 3.10606 3.14012 3.17418 3.20827 3.24233 3.27638 3.31043 3.34449 3.37854 3.41258 3.44663 3.48067 3.51472 3.54876 3.5828 3.61684 3.65087 3.68491 3.71894 3.75298 3.78701 3.82103 3.85506 3.88909 3.92311 3.95714 3.99116 4.02518 4.0592 4.09321 4.12723 4.16124 4.19525 4.22926 4.26327 4.29728 4.33128 4.36529 4.39929 4.43329 4.46729 4.50129 4.53529 4.56928 4.60328 4.63727 4.67126 4.70525 4.73924 4.77322 4.8072 4.84119 4.87517 4.90915 4.94313 4.9771 5.01108 5.04505 5.07902 5.11299 5.14696 5.18093 5.21489 5.24886 5.28282 5.31682 5.35078 5.38473 5.41869 5.45264 5.4866 5.52055 5.5545 5.58845 5.6224 5.65634 5.69029 5.72423 5.75817 5.79211 5.82605 5.85998 5.89392 5.92785 5.96179 5.99572 6.02965 6.06357 6.0975 6.13142 6.16535 6.19927 6.23319 6.26711 6.30102 6.33494 6.36885 6.40276 6.43667 6.47058 6.50449 6.5384 6.5723 6.60621 6.64011 6.67401 6.70791 6.7418 6.7757 6.80959 6.84349 6.87738 6.91127 6.94515 6.97904 7.01293 7.04681 7.08069 7.11457 7.14845 7.18233 7.2162 7.25008 7.28395 7.31782 7.35169 7.38556 7.41946 7.45333 7.48719 7.52106 7.55492 7.58878 7.62263 7.65649 7.69035 7.7242 7.75805 7.7919 7.82575 7.8596 7.89345 7.92729 7.96113 7.99498 8.02882 8.06265 8.09649 8.13033 8.16416 8.198 8.23183 8.26566 8.29948 8.33331 8.36714 8.40096 8.43478 8.46861
-0.0 0.03675 0.0735 0.11025 0.147 0.18374 0.22048 0.25722 0.29396 0.3307 0.36744 0.40417 0.44091 0.47764 0.51437 0.5511 0.58782 0.62455 0.66127 0.69799 0.73471 0.77143 0.80814 0.84486 0.88157 0.91828 0.95499 0.9917 1.02841 1.06511 1.10181 1.13851 1.17525 1.21195 1.24864 1.28534 1.32203 1.35872 1.39541 1.4321 1.46879 1.50547 1.54215 1.57883 1.61551 1.65219 1.68887 1.72554 1.76221 1.79888 1.83555 1.87222 1.90889 1.94555 1.98221 2.01887 2.05553 2.09219 2.12885 2.1655 2.20215 2.2388 2.27545 2.3121 2.34875 2.38539 2.42203 2.45867 2.49531 2.53195 2.56859 2.60522 2.64185 2.67848 2.71511 2.75174 2.78837 2.82499 2.86161 2.89823 2.93485 2.97147 3.00808 3.0447 3.08131 3.11792 3.15453 3.19114 3.22774 3.26435 3.30095 3.33755 3.37415 3.41075 3.44738 3.48397 3.52056 3.55715 3.59374 3.63033 3.66692 3.7035 3.74008 3.77666 3.81324 3.84982 3.88639 3.92297 3.95954 3.99611 4.03268 4.06925 4.10581 4.14238 4.17894 4.2155 4.25206 4.28862 4.32517 4.36172 4.39828 4.43483 4.47138 4.50792 4.54447 4.58101 4.61756 4.6541 4.69063 4.72717 4.76371 4.80024 4.83677 4.8733 4.90983 4.94636 4.98289 5.01941 5.05593 5.09245 5.12897 5.16549 5.20201 5.23852 5.27503 5.31154 5.34805 5.38456 5.42107 5.45757 5.49407 5.53057 5.56707 5.60357 5.64007 5.67656 5.71309 5.74958 5.78607 5.82256 5.85904 5.89553 5.93201 5.96849 6.00497 6.04145 6.07793 6.1144 6.15088 6.18735 6.22382 6.26028 6.29675 6.33322 6.36968 6.40614 6.4426 6.47906 6.51552 6.55197 6.58842 6.62488 6.66133 6.69778 6.73422 6.77067 6.80711 6.84355 6.87999 6.91643 6.95287 6.98931 7.02574 7.06217 7.0986 7.13503 7.17146 7.20789 7.24431 7.28073 7.31715 7.35357 7.38999 7.42641 7.46282 7.49924 7.53565 7.57206 7.60847 7.64487 7.68128 7.71768 7.75408 7.79048 7.82688 7.86328 7.89967 7.93607 7.9725 8.00889 8.04528 8.08166 8.11805 8.15443 8.19082 8.2272 8.26358 8.29996 8.33633 8.37271 8.40908 8.44545 8.48182 8.51819 8.55456 8.59092 8.62728 8.66365 8.70001 8.73637 8.77272 8.80908 8.84543 8.88179 8.91814 8.95449 8.99084 9.02718 9.06353 9.09987
-0.0 0.03926 0.07853 0.11779 0.15705 0.19631 0.23556 0.27482 0.31407 0.35332 0.39257 0.43182 0.47107 0.51032 0.54956 0.5888 0.62805 0.66729 0.70652 0.74576 0.785 0.82423 0.86346 0.9027 0.94193 0.98115 1.02038 1.05961 1.09883 1.13805 1.17727 1.21649 1.25575 1.29497 1.33418 1.37339 1.41261 1.45182 1.49102 1.53023 1.56944 1.60864 1.64785 1.68705 1.72625 1.76544 1.80464 1.84384 1.88303 1.92222 1.96141 2.0006 2.03979 2.07898 2.11816 2.15735 2.19653 2.23571 2.27489 2.31407 2.35324 2.39242 2.43159 2.47076 2.50993 2.5491 2.58827 2.62743 2.6666 2.70576 2.74492 2.78408 2.82324 2.8624 2.90155 2.9407 2.97986 3.01901 3.05816 3.0973 3.13645 3.1756 3.21474 3.25388 3.29302 3.33216 3.3713 3.41043 3.44957 3.4887 3.52783 3.56696 3.60609 3.64522 3.68438 3.72351 3.76263 3.80175 3.84087 3.87999 3.9191 3.95822 3.99733 4.03644 4.07555 4.11466 4.15377 4.19288 4.23198 4.27108 4.31019 4.34929 4.38839 4.42748 4.46658 4.50567 4.54476 4.58386 4.62295 4.66203 4.70112 4.74021 4.77929 4.81837 4.85745 4.89653 4.93561 4.97469 5.01376 5.05284 5.09191 5.13098 5.17005 5.20912 5.24818 5.28725 5.32631 5.36537 5.40443 5.44349 5.48255 5.5216 5.56066 5.59971 5.63876 5.67781 5.71686 5.75591 5.79495 5.834 5.87304 5.91208 5.95112 5.99016 6.0292 6.06823 6.1073 6.14634 6.18537 6.2244 6.26343 6.30245 6.34148 6.3805 6.41952 6.45854 6.49756 6.53658 6.5756 6.61461 6.65363 6.69264 6.73165 6.77066 6.80966 6.84867 6.88768 6.92668 6.96568 7.00468 7.04368 7.08268 7.12167 7.16067 7.19966 7.23865 7.27764 7.31663 7.35562 7.3946 7.43359 7.47257 7.51155 7.55053 7.58951 7.62849 7.66746 7.70644 7.74541 7.78438 7.82335 7.86232 7.90129 7.94025 7.97922 8.01818 8.05714 8.0961 8.13506 8.17402 8.21297 8.25192 8.29088 8.32983 8.36878 8.40773 8.44667 8.48562 8.5246 8.56355 8.60249 8.64143 8.68037 8.7193 8.75824 8.79717 8.8361 8.87504 8.91396 8.95289 8.99182 9.03075 9.06967 9.10859 9.14751 9.18644 9.22535 9.26427 9.30319 9.3421 9.38101 9.41992 9.45883 9.49774 9.53665 9.57556 9.61446 9.65336 9.69226 9.73117
-0.0 0.0415 0.083 0.1245 0.166 0.20749 0.24899 0.29048 0.33198 0.37347 0.41496 0.45645 0.49794 0.53943 0.58092 0.6224 0.66389 0.70537 0.74686 0.78834 0.82982 0.8713 0.91278 0.95426 0.99573 1.03721 1.07868 1.12016 1.16163 1.2031 1.24457 1.28604 1.32755 1.36902 1.41048 1.45195 1.49341 1.53488 1.57634 1.6178 1.65926 1.70072 1.74218 1.78363 1.82509 1.86654 1.908 1.94945 1.9909 2.03235 2.0738 2.11525 2.1567 2.19814 2.23959 2.28103 2.32248 2.36392 2.40536 2.4468 2.48824 2.52968 2.57111 2.61255 2.65398 2.69542 2.73685 2.77828 2.81971 2.86114 2.90257 2.944 2.98542 3.02685 3.06827 3.10969 3.15112 3.19254 3.23396 3.27538 3.31679 3.35821 3.39963 3.44104 3.48246 3.52387 3.56528 3.60669 3.6481 3.68951 3.73091 3.77232 3.81373 3.85513 3.89657 3.93798 3.97938 4.02078 4.06218 4.10357 4.14497 4.18637 4.22776 4.26916 4.31055 4.35194 4.39333 4.43472 4.47611 4.51749 4.55888 4.60027 4.64165 4.68303 4.72442 4.7658 4.80718 4.84856 4.88993 4.93131 4.97269 5.01406 5.05543 5.09681 5.13818 5.17955 5.22092 5.26229 5.30365 5.34502 5.38639 5.42775 5.46911 5.51048 5.55184 5.5932 5.63456 5.67591 5.71727 5.75863 5.79998 5.84134 5.88269 5.92404 5.96539 6.00674 6.04809 6.08944 6.13078 6.17213 6.21347 6.25482 6.29616 6.3375 6.37884 6.42018 6.46156 6.5029 6.54423 6.58557 6.6269 6.66823 6.70957 6.7509 6.79223 6.83356 6.87488 6.91621 6.95754 6.99886 7.04018 7.0815 7.12283 7.16415 7.20547 7.24679 7.2881 7.32942 7.37074 7.41205 7.45336 7.49467 7.53599 7.5773 7.6186 7.65991 7.70122 7.74252 7.78383 7.82513 7.86644 7.90774 7.94904 7.99034 8.03164 8.07294 8.11423 8.15553 8.19682 8.23812 8.27941 8.3207 8.36199 8.40328 8.44457 8.48586 8.52714 8.56843 8.60971 8.651 8.69228 8.73356 8.77484 8.81612 8.8574 8.89867 8.93995 8.98122 9.02254 9.06381 9.10508 9.14636 9.18763 9.2289 9.27016 9.31143 9.3527 9.39396 9.43522 9.47649 9.51775 9.55901 9.60027 9.64153 9.68278 9.72404 9.7653 9.80655 9.84781 9.88906 9.93031 9.97156 10.01281 10.05406 10.09531 10.13655 10.1778 10.21904 10.26029 10.30153
-0.0 0.0433 0.0866 0.1299 0.17319 0.21649 0.25979 0.30308 0.34638 0.38967 0.43296 0.47626 0.51955 0.56284 0.60613 0.64942 0.69271 0.736 0.77929 0.82258 0.86587 0.90915 0.95244 0.99572 1.03901 1.08229 1.12558 1.16886 1.21214 1.25542 1.29871 1.34199 1.38531 1.42859 1.47187 1.51515 1.55842 1.6017 1.64498 1.68825 1.73153 1.7748 1.81808 1.86135 1.90462 1.94789 1.99116 2.03444 2.07771 2.12098 2.16424 2.20751 2.25078 2.29405 2.33731 2.38058 2.42385 2.46711 2.51037 2.55364 2.5969 2.64016 2.68342 2.72668 2.76994 2.8132 2.85646 2.89972 2.94298 2.98624 3.02949 3.07275 3.11601 3.15926 3.20251 3.24577 3.28902 3.33227 3.37552 3.41878 3.46203 3.50528 3.54853 3.59177 3.63502 3.67827 3.72152 3.76476 3.80801 3.85125 3.8945 3.93774 3.98098 4.02423 4.06751 4.11075 4.15399 4.19723 4.24047 4.28371 4.32695 4.37019 4.41342 4.45666 4.4999 4.54313 4.58636 4.6296 4.67283 4.71606 4.7593 4.80253 4.84576 4.88899 4.93222 4.97545 5.01868 5.0619 5.10513 5.14836 5.19158 5.23481 5.27803 5.32126 5.36448 5.4077 5.45092 5.49415 5.53737 5.58059 5.62381 5.66703 5.71024 5.75346 5.79668 5.8399 5.88311 5.92633 5.96954 6.01276 6.05597 6.09918 6.14239 6.18561 6.22882 6.27203 6.31524 6.35845 6.40166 6.44486 6.48807 6.53128 6.57448 6.61769 6.6609 6.7041 6.74735 6.79055 6.83375 6.87695 6.92015 6.96335 7.00655 7.04975 7.09295 7.13615 7.17935 7.22254 7.26574 7.30894 7.35213 7.39533 7.43852 7.48171 7.52491 7.5681 7.61129 7.65448 7.69767 7.74086 7.78405 7.82724 7.87043 7.91361 7.9568 7.99999 8.04317 8.08636 8.12954 8.17272 8.21591 8.25909 8.30227 8.34545 8.38863 8.43181 8.47499 8.51817 8.56135 8.60452 8.6477 8.69088 8.73405 8.77723 8.8204 8.86358 8.90675 8.94992 8.99309 9.03627 9.07944 9.12261 9.16577 9.20894 9.25211 9.29528 9.33845 9.38161 9.42482 9.46799 9.51115 9.55432 9.59748 9.64064 9.6838 9.72697 9.77013 9.81329 9.85645 9.89961 9.94276 9.98592 10.02908 10.07224 10.11539 10.15855 10.2017 10.24486 10.28801 10.33116 10.37432 10.41747 10.46062 10.50377 10.54692 10.59007 10.63322 10.67637 10.71951 10.76266
-0.0 0.04474 0.08947 0.13421 0.17895 0.22368 0.26842 0.31315 0.35788 0.40262 0.44735 0.49208 0.53682 0.58155 0.62628 0.67101 0.71574 0.76047 0.8052 0.84993 0.89466 0.93939 0.98412 1.02884 1.07357 1.1183 1.16302 1.20775 1.25248 1.2972 1.34193 1.38665 1.43142 1.47614 1.52086 1.56559 1.61031 1.65503 1.69975 1.74447 1.78919 1.83391 1.87863 1.92335 1.96807 2.01279 2.0575 2.10222 2.14694 2.19165 2.23637 2.28108 2.3258 2.37051 2.41523 2.45994 2.50465 2.54937 2.59408 2.63879 2.6835 2.72821 2.77292 2.81764 2.86234 2.90705 2.95176 2.99647 3.04118 3.08589 3.13059 3.1753 3.22001 3.26471 3.30942 3.35412 3.39883 3.44353 3.48824 3.53294 3.57764 3.62234 3.66705 3.71175 3.75645 3.80115 3.84585 3.89055 3.93525 3.97995 4.02465 4.06934 4.11404 4.15874 4.20348 4.24818 4.29287 4.33757 4.38226 4.42696 4.47165 4.51634 4.56104 4.60573 4.65042 4.69511 4.73981 4.7845 4.82919 4.87388 4.91857 4.96326 5.00794 5.05263 5.09732 5.14201 5.1867 5.23138 5.27607 5.32076 5.36544 5.41012 5.45481 5.49949 5.54418 5.58886 5.63354 5.67822 5.72291 5.76759 5.81227 5.85695 5.90163 5.94631 5.99099 6.03567 6.08035 6.12502 6.1697 6.21438 6.25906 6.30373 6.34841 6.39308 6.43776 6.48243 6.52711 6.57178 6.61645 6.66113 6.7058 6.75047 6.79514 6.83981 6.88448 6.92915 6.97387 7.01854 7.0632 7.10787 7.15254 7.19721 7.24188 7.28654 7.33121 7.37588 7.42054 7.4652 7.50987 7.55454 7.5992 7.64386 7.68852 7.73319 7.77785 7.82251 7.86717 7.91183 7.95649 8.00115 8.04581 8.09047 8.13513 8.17979 8.22444 8.2691 8.31376 8.35841 8.40307 8.44772 8.49238 8.53703 8.58169 8.62634 8.671 8.71565 8.7603 8.80495 8.8496 8.89425 8.9389 8.98356 9.0282 9.07285 9.1175 9.16215 9.2068 9.25145 9.2961 9.34074 9.38539 9.43003 9.47468 9.51932 9.56397 9.60861 9.65326 9.6979 9.74259 9.78723 9.83187 9.87651 9.92115 9.96579 10.01044 10.05508 10.09971 10.14435 10.18899 10.23363 10.27827 10.3229 10.36754 10.41218 10.45681 10.50145 10.54608 10.59072 10.63535 10.67999 10.72462 10.76925 10.81389 10.85852 10.90315 10.94778 10.99241 11.03704 11.08167 11.1263
