Models/xredden_tau_factor_vs_EBV_energy.ecsv
# %ECSV 1.0
# ---
# datatype:
# - {name: col0, datatype: float32}
# - {name: col1, datatype: float32}
# - {name: col2, datatype: float32}
# - {name: col3, datatype: float32}
# - {name: col4, datatype: float32}
# - {name: col5, datatype: float32}
# - {name: col6, datatype: float32}
# - {name: col7, datatype: float32}
# - {name: col8, datatype: float32}
# - {name: col9, datatype: float32}
# - {name: col10, datatype: float32}
# - {name: col11, datatype: float32}
# - {name: col12, datatype: float32}
# - {name: col13, datatype: float32}
# - {name: col14, datatype: float32}
# - {name: col15, datatype: float32}
# - {name: col16, datatype: float32}
# - {name: col17, datatype: float32}
# - {name: col18, datatype: float32}
# - {name: col19, datatype: float32}
# - {name: col20, datatype: float32}
# - {name: col21, datatype: float32}
# - {name: col22, datatype: float32}
# - {name: col23, datatype: float32}
# - {name: col24, datatype: float32}
# - {name: col25, datatype: float32}
# - {name: col26, datatype: float32}
# - {name: col27, datatype: float32}
# - {name: col28, datatype: float32}
# - {name: col29, datatype: float32}
# - {name: col30, datatype: float32}
# - {name: col31, datatype: float32}
# - {name: col32, datatype: float32}
# - {name: col33, datatype: float32}
# - {name: col34, datatype: float32}
# - {name: col35, datatype: float32}
# - {name: col36, datatype: float32}
# - {name: col37, datatype: float32}
# - {name: col38, datatype: float32}
# - {name: col39, datatype: float32}
# - {name: col40, datatype: float32}
# - {name: col41, datatype: float32}
# - {name: col42, datatype: float32}
# - {name: col43, datatype: float32}
# - {name: col44, datatype: float32}
# - {name: col45, datatype: float32}
# - {name: col46, datatype: float32}
# - {name: col47, datatype: float32}
# - {name: col48, datatype: float32}
# - {name: col49, datatype: float32}
# - {name: col50, datatype: float32}
# - {name: col51, datatype: float32}
# - {name: col52, datatype: float32}
# - {name: col53, datatype: float32}
# - {name: col54, datatype: float32}
# - {name: col55, datatype: float32}
# - {name: col56, datatype: float32}
# - {name: col57, datatype: float32}
# - {name: col58, datatype: float32}
# - {name: col59, datatype: float32}
# - {name: col60, datatype: float32}
# - {name: col61, datatype: float32}
# - {name: col62, datatype: float32}
# - {name: col63, datatype: float32}
# - {name: col64, datatype: float32}
# - {name: col65, datatype: float32}
# - {name: col66, datatype: float32}
# - {name: col67, datatype: float32}
# - {name: col68, datatype: float32}
# - {name: col69, datatype: float32}
# - {name: col70, datatype: float32}
# - {name: col71, datatype: float32}
# - {name: col72, datatype: float32}
# - {name: col73, datatype: float32}
# - {name: col74, datatype: float32}
# - {name: col75, datatype: float32}
# - {name: col76, datatype: float32}
# - {name: col77, datatype: float32}
# - {name: col78, datatype: float32}
# - {name: col79, datatype: float32}
# - {name: col80, datatype: float32}
# - {name: col81, datatype: float32}
# - {name: col82, datatype: float32}
# - {name: col83, datatype: float32}
# - {name: col84, datatype: float32}
# - {name: col85, datatype: float32}
# - {name: col86, datatype: float32}
# - {name: col87, datatype: float32}
# - {name: col88, datatype: float32}
[...]
# schema: astropy-2.0
col0 col1 col2 col3 col4 col5 col6 col7 col8 col9 col10 col11 col12 col13 col14 col15 col16 col17 col18 col19 col20 col21 col22 col23 col24 col25 col26 col27 col28 col29 col30 col31 col32 col33 col34 col35 col36 col37 col38 col39 col40 col41 col42 col43 col44 col45 col46 col47 col48 col49 col50 col51 col52 col53 col54 col55 col56 col57 col58 col59 col60 col61 col62 col63 col64 col65 col66 col67 col68 col69 col70 col71 col72 col73 col74 col75 col76 col77 col78 col79 col80 col81 col82 col83 col84 col85 col86 col87 col88 col89 col90 col91 col92 col93 col94 col95 col96 col97 col98 col99 col100 col101 col102 col103 col104 col105 col106 col107 col108 col109 col110 col111 col112 col113 col114 col115 col116 col117 col118 col119 col120 col121 col122 col123 col124 col125 col126 col127 col128 col129 col130 col131 col132 col133 col134 col135 col136 col137 col138 col139 col140 col141 col142 col143 col144 col145 col146 col147 col148 col149 col150 col151 col152 col153 col154 col155 col156 col157 col158 col159 col160 col161 col162 col163 col164 col165 col166 col167 col168 col169 col170 col171 col172 col173 col174 col175 col176 col177 col178 col179 col180 col181 col182 col183 col184 col185 col186 col187 col188 col189 col190 col191 col192 col193 col194 col195 col196 col197 col198 col199 col200 col201 col202 col203 col204 col205 col206 col207 col208 col209 col210 col211 col212 col213 col214 col215 col216 col217 col218 col219 col220 col221 col222 col223 col224 col225 col226 col227 col228 col229 col230 col231 col232 col233 col234 col235 col236 col237 col238 col239 col240 col241 col242 col243 col244 col245 col246 col247 col248 col249
[from data line 73]
-0.0 0.08593 0.17184 0.25773 0.3436 0.42946 0.51529 0.60111 0.68691 0.77269 0.85845 0.94419 1.02992 1.11562 1.20131 1.28698 1.37263 1.45826 1.54388 1.62947 1.71505 1.80061 1.88615 1.97167 2.05718 2.14266 2.22813 2.31358 2.39901 2.48442 2.56982 2.65519 2.74064 2.82598 2.9113 2.9966 3.08189 3.16716 3.25241 3.33764 3.42286 3.50806 3.59324 3.6784 3.76354 3.84867 3.93378 4.01887 4.10394 4.189 4.27404 4.35906 4.44407 4.52905 4.61402 4.69898 4.78391 4.86883 4.95373 5.03862 5.12348 5.20833 5.29317 5.37798 5.46278 5.54757 5.63233 5.71708 5.80181 5.88653 5.97123 6.05591 6.14058 6.22523 6.30986 6.39448 6.47908 6.56367 6.64824 6.73279 6.81733 6.90185 6.98635 7.07084 7.15532 7.23977 7.32422 7.40864 7.49305 7.57745 7.66183 7.74619 7.83054 7.91487 7.99927 8.08358 8.16786 8.25214 8.33639 8.42064 8.50486 8.58908 8.67327 8.75746 8.84163 8.92578 9.00992 9.09404 9.17815 9.26225 9.34633 9.4304 9.51445 9.59849 9.68251 9.76652 9.85052 9.9345 10.01847 10.10243 10.18637 10.2703 10.35421 10.43811 10.522 10.60587 10.68973 10.77358 10.85741 10.94123 11.02504 11.10884 11.19262 11.27638 11.36014 11.44388 11.52761 11.61133 11.69504 11.77873 11.86241 11.94608 12.02973 12.11337 12.197 12.28062 12.36423 12.44782 12.5314 12.61497 12.69853 12.78208 12.86561 12.94913 13.03264 13.11614 13.19972 13.28319 13.36666 13.45011 13.53355 13.61698 13.70041 13.78382 13.86721 13.9506 14.03398 14.11734 14.2007 14.28404 14.36738 14.4507 14.53401 14.61731 14.7006 14.78389 14.86716 14.95042 15.03367 15.11691 15.20014 15.28336 15.36657 15.44977 15.53296 15.61614 15.69931 15.78247 15.86563 15.94877 16.0319 16.11503 16.19814 16.28124 16.36434 16.44743 16.5305 16.61358 16.69663 16.77969 16.86273 16.94576 17.02878 17.1118 17.1948 17.2778 17.36079 17.44377 17.52674 17.60971 17.69266 17.77561 17.85855 17.94148 18.02441 18.10732 18.19022 18.27312 18.3561 18.43898 18.52186 18.60472 18.68758 18.77044 18.85328 18.93612 19.01895 19.10177 19.18458 19.26739 19.35019 19.43298 19.51577 19.59854 19.68132 19.76408 19.84684 19.92959 20.01233 20.09507 20.17779 20.26052 20.34323 20.42594 20.50864 20.59134 20.67403 20.75671 20.83939 20.92206
-0.0 0.07803 0.15604 0.23404 0.31203 0.39001 0.46797 0.54592 0.62386 0.70178 0.77969 0.85759 0.93548 1.01335 1.09121 1.16905 1.24689 1.32471 1.40251 1.48031 1.55809 1.63586 1.71361 1.79136 1.86909 1.9468 2.02451 2.1022 2.17988 2.25754 2.3352 2.41284 2.49054 2.56816 2.64576 2.72335 2.80093 2.87849 2.95604 3.03358 3.11111 3.18862 3.26612 3.34361 3.42109 3.49855 3.57601 3.65344 3.73087 3.80828 3.88569 3.96308 4.04045 4.11782 4.19517 4.27251 4.34984 4.42715 4.50446 4.58175 4.65903 4.73629 4.81355 4.89079 4.96802 5.04524 5.12244 5.19964 5.27682 5.35399 5.43115 5.5083 5.58543 5.66256 5.73966 5.81676 5.89385 5.97093 6.04799 6.12504 6.20208 6.27911 6.35613 6.43313 6.51013 6.58711 6.66408 6.74104 6.81799 6.89493 6.97185 7.04877 7.12567 7.20256 7.27952 7.35639 7.43324 7.51009 7.58692 7.66375 7.74056 7.81736 7.89416 7.97094 8.0477 8.12446 8.20121 8.27795 8.35467 8.43139 8.50809 8.58478 8.66147 8.73814 8.8148 8.89145 8.96809 9.04472 9.12134 9.19795 9.27455 9.35114 9.42771 9.50428 9.58084 9.65738 9.73392 9.81045 9.88696 9.96347 10.03997 10.11645 10.19293 10.26939 10.34585 10.4223 10.49873 10.57516 10.65158 10.72798 10.80438 10.88077 10.95714 11.03351 11.10987 11.18622 11.26256 11.33889 11.41521 11.49152 11.56782 11.64412 11.7204 11.79668 11.87294 11.9492 12.02552 12.10176 12.17798 12.2542 12.33041 12.40662 12.48281 12.55899 12.63517 12.71133 12.78749 12.86364 12.93978 13.01591 13.09203 13.16814 13.24425 13.32034 13.39643 13.47251 13.54858 13.62465 13.7007 13.77675 13.85278 13.92881 14.00484 14.08085 14.15686 14.23285 14.30884 14.38482 14.46079 14.53676 14.61272 14.68867 14.76461 14.84054 14.91647 14.99238 15.0683 15.1442 15.2201 15.29598 15.37186 15.44773 15.5236 15.59946 15.67531 15.75115 15.82698 15.90281 15.97864 16.05445 16.13025 16.20605 16.28184 16.35763 16.43341 16.50918 16.58494 16.6607 16.73652 16.81227 16.888 16.96373 17.03946 17.11517 17.19088 17.26659 17.34228 17.41797 17.49365 17.56933 17.645 17.72066 17.79632 17.87197 17.94761 18.02325 18.09888 18.1745 18.25012 18.32574 18.40134 18.47694 18.55254 18.62812 18.70371 18.77928 18.85485 18.93042 19.00597 19.08153
-0.0 0.07316 0.14631 0.21946 0.29261 0.36576 0.4389 0.51205 0.58519 0.65833 0.73147 0.8046 0.87774 0.95087 1.024 1.09713 1.17025 1.24338 1.3165 1.38962 1.46274 1.53586 1.60897 1.68209 1.7552 1.82831 1.90141 1.97452 2.04762 2.12073 2.19383 2.26692 2.34009 2.41319 2.48628 2.55937 2.63246 2.70554 2.77863 2.85171 2.92479 2.99787 3.07095 3.14402 3.2171 3.29017 3.36324 3.43631 3.50937 3.58244 3.6555 3.72856 3.80162 3.87467 3.94773 4.02078 4.09383 4.16688 4.23993 4.31297 4.38601 4.45906 4.53209 4.60513 4.67817 4.7512 4.82423 4.89726 4.97029 5.04332 5.11634 5.18936 5.26238 5.3354 5.40842 5.48144 5.55445 5.62746 5.70047 5.77348 5.84648 5.91949 5.99249 6.06549 6.13849 6.21148 6.28448 6.35747 6.43046 6.50345 6.57644 6.64942 6.7224 6.79539 6.86844 6.94142 7.01439 7.08737 7.16034 7.23331 7.30628 7.37924 7.45221 7.52517 7.59813 7.67109 7.74405 7.81701 7.88996 7.96291 8.03586 8.10881 8.18176 8.2547 8.32764 8.40058 8.47352 8.54646 8.61939 8.69233 8.76526 8.83819 8.91112 8.98404 9.05697 9.12989 9.20281 9.27573 9.34865 9.42156 9.49448 9.56739 9.6403 9.71321 9.78611 9.85902 9.93192 10.00482 10.07772 10.15062 10.22351 10.29641 10.3693 10.44219 10.51508 10.58796 10.66085 10.73373 10.80661 10.87949 10.95237 11.02524 11.09812 11.17099 11.24386 11.31673 11.38967 11.46253 11.53539 11.60826 11.68112 11.75397 11.82683 11.89968 11.97254 12.04539 12.11824 12.19108 12.26393 12.33677 12.40961 12.48245 12.55529 12.62813 12.70096 12.7738 12.84663 12.91946 12.99228 13.06511 13.13794 13.21076 13.28358 13.3564 13.42922 13.50203 13.57484 13.64766 13.72046 13.79328 13.86608 13.93889 14.01169 14.08449 14.15729 14.23009 14.30288 14.37568 14.44847 14.52126 14.59405 14.66684 14.73963 14.81241 14.8852 14.95798 15.03076 15.10353 15.17631 15.24908 15.32186 15.39462 15.46739 15.54016 15.61293 15.68569 15.75845 15.83121 15.90404 15.9768 16.04956 16.12231 16.19506 16.26782 16.34056 16.41331 16.48606 16.5588 16.63154 16.70428 16.77702 16.84975 16.92249 16.99522 17.06796 17.14069 17.21342 17.28614 17.35887 17.43159 17.50431 17.57703 17.64975 17.72247 17.79518 17.8679 17.94061 18.01332 18.08603 18.15874
-0.0 0.07175 0.14349 0.21524 0.28698 0.35873 0.43047 0.50222 0.57396 0.64571 0.71745 0.7892 0.86094 0.93269 1.00443 1.07618 1.14792 1.21967 1.29141 1.36316 1.4349 1.50665 1.57839 1.65014 1.72188 1.79363 1.86537 1.93712 2.00886 2.08061 2.15235 2.2241 2.29591 2.36766 2.4394 2.51115 2.58289 2.65464 2.72638 2.79813 2.86987 2.94162 3.01336 3.08511 3.15685 3.2286 3.30034 3.37209 3.44383 3.51558 3.58732 3.65907 3.73081 3.80256 3.8743 3.94605 4.01779 4.08954 4.16128 4.23302 4.30477 4.37651 4.44826 4.52 4.59175 4.66349 4.73524 4.80698 4.87873 4.95047 5.02222 5.09396 5.16571 5.23745 5.3092 5.38094 5.45268 5.52443 5.59617 5.66792 5.73966 5.81141 5.88315 5.9549 6.02664 6.09838 6.17013 6.24187 6.31362 6.38536 6.45711 6.52885 6.6006 6.67234 6.74416 6.8159 6.88764 6.95939 7.03113 7.10288 7.17462 7.24637 7.31811 7.38986 7.4616 7.53334 7.60509 7.67683 7.74858 7.82032 7.89206 7.96381 8.03555 8.1073 8.17904 8.25079 8.32253 8.39427 8.46602 8.53776 8.60951 8.68125 8.75299 8.82474 8.89648 8.96823 9.03997 9.11171 9.18346 9.2552 9.32695 9.39869 9.47043 9.54218 9.61392 9.68567 9.75741 9.82915 9.9009 9.97264 10.04439 10.11613 10.18787 10.25962 10.33136 10.40311 10.47485 10.5466 10.61834 10.69008 10.76182 10.83357 10.90531 10.97706 11.0488 11.12054 11.19236 11.2641 11.33585 11.40759 11.47934 11.55108 11.62282 11.69457 11.76631 11.83805 11.9098 11.98154 12.05328 12.12503 12.19677 12.26852 12.34026 12.412 12.48375 12.55549 12.62724 12.69898 12.77072 12.84246 12.91421 12.98595 13.0577 13.12944 13.20118 13.27293 13.34467 13.41641 13.48816 13.5599 13.63164 13.70339 13.77513 13.84687 13.91862 13.99036 14.0621 14.13385 14.20559 14.27733 14.34908 14.42082 14.49256 14.56431 14.63605 14.70779 14.77954 14.85128 14.92302 14.99477 15.06651 15.13825 15.21 15.28174 15.35348 15.42523 15.49697 15.56871 15.64053 15.71227 15.78401 15.85576 15.9275 15.99924 16.07099 16.14273 16.21447 16.28622 16.35796 16.4297 16.50145 16.57319 16.64493 16.71668 16.78842 16.86016 16.9319 17.00365 17.07539 17.14713 17.21888 17.29062 17.36236 17.4341 17.50585 17.57759 17.64934 17.72108 17.79282 17.86456
-0.0 0.0723 0.14461 0.21691 0.28922 0.36152 0.43382 0.50612 0.57843 0.65073 0.72303 0.79533 0.86763 0.93993 1.01223 1.08453 1.15683 1.22913 1.30143 1.37372 1.44602 1.51832 1.59061 1.66291 1.73521 1.8075 1.8798 1.95209 2.02439 2.09668 2.16898 2.24127 2.31363 2.38593 2.45822 2.53051 2.6028 2.67509 2.74738 2.81967 2.89196 2.96425 3.03654 3.10883 3.18112 3.25341 3.32569 3.39798 3.47027 3.54255 3.61484 3.68713 3.75941 3.8317 3.90398 3.97626 4.04855 4.12083 4.19311 4.2654 4.33768 4.40996 4.48224 4.55452 4.6268 4.69908 4.77136 4.84364 4.91592 4.9882 5.06048 5.13276 5.20504 5.27731 5.34959 5.42187 5.49414 5.56642 5.6387 5.71097 5.78324 5.85552 5.92779 6.00007 6.07234 6.14461 6.21688 6.28916 6.36143 6.4337 6.50597 6.57824 6.65051 6.72278 6.79512 6.86739 6.93966 7.01193 7.08419 7.15646 7.22873 7.301 7.37326 7.44553 7.51779 7.59006 7.66232 7.73459 7.80685 7.87911 7.95138 8.02364 8.0959 8.16816 8.24043 8.31269 8.38495 8.45721 8.52947 8.60173 8.67399 8.74625 8.81851 8.89076 8.96302 9.03528 9.10754 9.17979 9.25205 9.3243 9.39656 9.46882 9.54107 9.61333 9.68558 9.75783 9.83009 9.90234 9.97459 10.04684 10.1191 10.19135 10.2636 10.33585 10.4081 10.48035 10.5526 10.62485 10.6971 10.76934 10.84159 10.91384 10.98609 11.05833 11.13058 11.20283 11.27514 11.34739 11.41963 11.49188 11.56412 11.63637 11.70861 11.78085 11.8531 11.92534 11.99758 12.06982 12.14206 12.2143 12.28654 12.35878 12.43102 12.50326 12.5755 12.64774 12.71998 12.79222 12.86445 12.93669 13.00892 13.08116 13.1534 13.22563 13.29787 13.3701 13.44234 13.51457 13.5868 13.65904 13.73127 13.8035 13.87574 13.94797 14.0202 14.09243 14.16466 14.23689 14.30912 14.38135 14.45358 14.5258 14.59803 14.67026 14.74249 14.81472 14.88694 14.95917 15.0314 15.10362 15.17584 15.24807 15.3203 15.39252 15.46474 15.53696 15.60919 15.68141 15.7537 15.82593 15.89815 15.97037 16.04259 16.11481 16.18703 16.25925 16.33147 16.40369 16.47591 16.54812 16.62034 16.69256 16.76477 16.83699 16.90921 16.98142 17.05364 17.12585 17.19807 17.27028 17.3425 17.41471 17.48692 17.55914 17.63135 17.70356 17.77577 17.84798 17.92019 17.9924
-0.0 0.07413 0.14827 0.2224 0.29653 0.37066 0.44478 0.51891 0.59303 0.66716 0.74128 0.8154 0.88952 0.96364 1.03775 1.11187 1.18598 1.26009 1.3342 1.40831 1.48242 1.55652 1.63063 1.70473 1.77884 1.85294 1.92704 2.00113 2.07523 2.14933 2.22342 2.29751 2.37168 2.44577 2.51985 2.59394 2.66803 2.74211 2.81619 2.89027 2.96435 3.03843 3.11251 3.18658 3.26066 3.33473 3.4088 3.48287 3.55694 3.63101 3.70507 3.77914 3.8532 3.92726 4.00132 4.07538 4.14944 4.2235 4.29755 4.3716 4.44566 4.51971 4.59376 4.6678 4.74185 4.81589 4.88994 4.96398 5.03802 5.11206 5.1861 5.26014 5.33417 5.4082 5.48224 5.55627 5.6303 5.70433 5.77835 5.85238 5.9264 6.00042 6.07444 6.14846 6.22248 6.2965 6.37052 6.44453 6.51854 6.59255 6.66656 6.74057 6.81458 6.88859 6.96266 7.03667 7.11067 7.18467 7.25867 7.33267 7.40666 7.48066 7.55465 7.62864 7.70263 7.77662 7.85061 7.9246 7.99858 8.07256 8.14655 8.22053 8.29451 8.36849 8.44246 8.51644 8.59041 8.66438 8.73836 8.81233 8.88629 8.96026 9.03423 9.10819 9.18215 9.25612 9.33008 9.40403 9.47799 9.55195 9.6259 9.69986 9.77381 9.84776 9.9217 9.99565 10.0696 10.14354 10.21749 10.29143 10.36537 10.43931 10.51325 10.58718 10.66112 10.73505 10.80899 10.88292 10.95685 11.03078 11.1047 11.17863 11.25255 11.32648 11.4004 11.47432 11.54831 11.62223 11.69614 11.77006 11.84397 11.91788 11.99179 12.0657 12.13961 12.21352 12.28742 12.36132 12.43523 12.50913 12.58303 12.65692 12.73082 12.80472 12.87861 12.95251 13.0264 13.10029 13.17418 13.24806 13.32195 13.39583 13.46972 13.5436 13.61748 13.69136 13.76524 13.83911 13.91299 13.98686 14.06073 14.1346 14.20847 14.28234 14.35621 14.43007 14.50394 14.5778 14.65166 14.72552 14.79938 14.87324 14.9471 15.02095 15.0948 15.16866 15.2425 15.31636 15.3902 15.46405 15.53789 15.61174 15.68558 15.75942 15.83326 15.9071 15.98094 16.05477 16.12868 16.20252 16.27635 16.35018 16.42401 16.49784 16.57166 16.64549 16.71931 16.79313 16.86696 16.94078 17.01459 17.08841 17.16222 17.23604 17.30985 17.38366 17.45748 17.53128 17.60509 17.6789 17.7527 17.82651 17.90031 17.97411 18.04791 18.12171 18.19551 18.2693 18.3431 18.41689
-0.0 0.07711 0.15423 0.23133 0.30844 0.38554 0.46264 0.53974 0.61683 0.69392 0.77101 0.84809 0.92517 1.00225 1.07932 1.15639 1.23346 1.31053 1.38759 1.46465 1.5417 1.61875 1.6958 1.77285 1.84989 1.92693 2.00397 2.081 2.15803 2.23506 2.31208 2.3891 2.4662 2.54321 2.62023 2.69723 2.77424 2.85124 2.92824 3.00524 3.08223 3.15922 3.23621 3.31319 3.39017 3.46715 3.54412 3.62109 3.69806 3.77503 3.85199 3.92895 4.0059 4.08285 4.1598 4.23675 4.31369 4.39063 4.46757 4.5445 4.62143 4.69836 4.77528 4.85221 4.92912 5.00604 5.08295 5.15986 5.23677 5.31367 5.39057 5.46746 5.54436 5.62125 5.69813 5.77502 5.8519 5.92878 6.00565 6.08252 6.15939 6.23626 6.31312 6.38998 6.46683 6.54369 6.62054 6.69738 6.77422 6.85107 6.9279 7.00474 7.08157 7.1584 7.2353 7.31212 7.38894 7.46575 7.54257 7.61938 7.69618 7.77299 7.84979 7.92658 8.00338 8.08017 8.15696 8.23374 8.31052 8.3873 8.46408 8.54085 8.61762 8.69439 8.77115 8.84791 8.92467 9.00142 9.07818 9.15492 9.23167 9.30841 9.38515 9.46189 9.53862 9.61535 9.69208 9.7688 9.84552 9.92224 9.99895 10.07567 10.15238 10.22908 10.30578 10.38248 10.45918 10.53587 10.61256 10.68925 10.76594 10.84262 10.9193 10.99597 11.07264 11.14931 11.22598 11.30264 11.37931 11.45596 11.53262 11.60927 11.68592 11.76256 11.83921 11.91585 11.99256 12.06919 12.14582 12.22245 12.29907 12.3757 12.45232 12.52893 12.60554 12.68215 12.75876 12.83536 12.91197 12.98856 13.06516 13.14175 13.21834 13.29493 13.37151 13.44809 13.52467 13.60124 13.67782 13.75438 13.83095 13.90751 13.98407 14.06063 14.13718 14.21374 14.29028 14.36683 14.44337 14.51991 14.59645 14.67298 14.74952 14.82604 14.90257 14.97909 15.05561 15.13212 15.20864 15.28515 15.36166 15.43816 15.51466 15.59116 15.66766 15.74416 15.82064 15.89713 15.97362 16.0501 16.12658 16.20306 16.27953 16.356 16.43247 16.50894 16.5854 16.66186 16.73839 16.81485 16.8913 16.96775 17.04419 17.12063 17.19708 17.27351 17.34995 17.42638 17.50281 17.57924 17.65566 17.73208 17.8085 17.88491 17.96132 18.03773 18.11414 18.19054 18.26694 18.34334 18.41974 18.49613 18.57252 18.64891 18.7253 18.80168 18.87806 18.95444 19.03081 19.10718
